    RPL5     66     PDE11A   159               11             1.32             1.32           1.0001           0.0000
     RPL5     66       ENO2    40                2             0.33             0.33           0.9962           0.0419
     RPL5     66     N6AMT1    34                3             0.28             0.28           1.0000           0.0032
     RPL5     66      RAB6C    24                3             0.20             0.20           1.0001           0.0008
     RPL5     66    TMEM86A    24                2             0.20             0.20           0.9992           0.0175
     RPL5     66       CA5B    37                4             0.31             0.31           1.0001           0.0003
     RPL5     66     ATP10D   246                7             2.03             2.03           0.9990           0.0039
     RPL5     66      KIFC3    74                4             0.62             0.62           0.9999           0.0028
     RPL5     66   LINC00521    30                2             0.25             0.25           0.9976           0.0257
     RPL5     66     SPRED2    67                3             0.56             0.55           0.9985           0.0181
     RPL5     66     RHBDL1    30                2             0.25             0.25           0.9976           0.0257
     RPL5     66      COPS6    33                2             0.28             0.28           0.9974           0.0319
     RPL5     66    FAM135A   143               12             1.19             1.19           1.0001           0.0000
     RPL5     66      TEX15   456               14             3.72             3.71           1.0001           0.0000
     RPL5     66      VTI1B    26                2             0.22             0.22           0.9989           0.0193
     RPL5     66    SH3GLB2    38                2             0.32             0.32           0.9963           0.0412
     RPL5     66       TCL6    78                4             0.65             0.65           0.9996           0.0038
     RPL5     66      HOXD4    43                2             0.36             0.36           0.9939           0.0492
     RPL5     66      PSME3    28                2             0.23             0.23           0.9982           0.0231
     RPL5     66     BPIFB6    62                4             0.52             0.52           1.0000           0.0017
     RPL5     66    RNASE10    37                3             0.31             0.31           1.0000           0.0032
     RPL5     66     ZNF786    90                6             0.75             0.77           1.0001           0.0004
     RPL5     66     HSPA13    56                6             0.47             0.47           1.0001           0.0000
     RPL5     66     IL28RA    32                3             0.27             0.27           0.9999           0.0026
     RPL5     66      OR2M4    99                4             0.83             0.84           0.9980           0.0105
     RPL5     66      KLHL9    70                4             0.59             0.59           0.9999           0.0031
     RPL5     66      HDAC4   163                7             1.35             1.36           0.9999           0.0006
     RPL5     66     DNAH17   492               10             4.00             4.01           0.9981           0.0068
     RPL5     66    SLC14A1    81                5             0.68             0.68           0.9999           0.0007
     RPL5     66      RGS14    48                3             0.40             0.40           0.9992           0.0061
     RPL5     66      SMAD3    78                5             0.65             0.66           1.0000           0.0006
     RPL5     66     LRRC49   104                9             0.87             0.87           1.0001           0.0000
     RPL5     66      PDCL3    50                3             0.42             0.42           0.9993           0.0078
     RPL5     66   SLC25A51    31                2             0.26             0.26           0.9975           0.0284
     RPL5     66       ECE2   154                4             1.28             1.29           0.9905           0.0401
     RPL5     66     SETMAR    58                4             0.49             0.48           0.9999           0.0012
     RPL5     66      FNIP1   135                8             1.12             1.12           1.0001           0.0001
     RPL5     66        AK7   125                7             1.04             1.05           1.0001           0.0002
     RPL5     66       MAEL   129                9             1.07             1.07           1.0001           0.0000
     RPL5     66   MAPK8IP3   120                4             1.00             1.01           0.9964           0.0176
     RPL5     66     RNF148    54                6             0.45             0.45           1.0001           0.0000
     RPL5     66     ZNF821    44                5             0.37             0.36           1.0001           0.0000
     RPL5     66     ADRA1D    49                4             0.41             0.40           1.0001           0.0008
     RPL5     66    CLEC10A    40                2             0.33             0.33           0.9964           0.0407
     RPL5     66       TGM1   102                5             0.85             0.85           0.9999           0.0020
     RPL5     66       CASK    98                7             0.82             0.82           1.0001           0.0000
     RPL5     66     PPP6R3    88                5             0.73             0.74           1.0001           0.0006
     RPL5     66       GIT1    62                3             0.52             0.52           0.9981           0.0146
     RPL5     66     PFKFB3    59                4             0.49             0.50           0.9999           0.0013
     RPL5     66        ICK    95                3             0.79             0.80           0.9918           0.0461
     RPL5     66      CENPE   289               10             2.38             2.39           1.0001           0.0001
     RPL5     66      OR4P4   109                4             0.91             0.90           0.9985           0.0132
     RPL5     66      THSD4   147                8             1.22             1.22           1.0001           0.0001
     RPL5     66    TAX1BP1    80                5             0.67             0.66           0.9999           0.0009
     RPL5     66       BMP2    52                3             0.44             0.43           0.9994           0.0091
     RPL5     66       DLL1    77                4             0.64             0.63           0.9997           0.0040
     RPL5     66     ZBTB39    75                4             0.63             0.62           0.9996           0.0034
     RPL5     66      KCNE3    19                2             0.16             0.16           0.9995           0.0109
     RPL5     66    PPIAL4G    39                2             0.33             0.32           0.9968           0.0425
     RPL5     66       MTAP    34                2             0.28             0.28           0.9976           0.0314
     RPL5     66     MINPP1    36                4             0.30             0.30           1.0001           0.0003
     RPL5     66    SLCO1B1   160                6             1.33             1.32           0.9998           0.0015
     RPL5     66   RABGAP1L   111                5             0.93             0.92           0.9997           0.0026
     RPL5     66      FGFR3   126                5             1.05             1.05           0.9997           0.0036
     RPL5     66      CXCL9    33                3             0.28             0.27           0.9997           0.0027
     RPL5     66      AVPR2    55                3             0.46             0.46           0.9985           0.0102
     RPL5     66   HIST1H2BG    41                2             0.34             0.34           0.9952           0.0455
     RPL5     66    SLC39A5    76                8             0.63             0.64           1.0001           0.0000
     RPL5     66     MAP4K1    99                5             0.83             0.83           1.0000           0.0016
     RPL5     66     CC2D2A   135                5             1.12             1.14           0.9991           0.0054
     RPL5     66      TIFAB    38                4             0.32             0.32           1.0001           0.0003
     RPL5     66       GYPE    33                2             0.28             0.28           0.9980           0.0342
     RPL5     66     GABRA1   147                6             1.22             1.23           0.9997           0.0011
     RPL5     66    LEPREL2    50                3             0.42             0.42           0.9994           0.0072
     RPL5     66    SIGLEC8   173                7             1.44             1.46           0.9999           0.0007
     RPL5     66       KTN1   148                6             1.23             1.24           1.0001           0.0015
     RPL5     66      ABCF2    57                4             0.48             0.47           1.0001           0.0014
     RPL5     66      OR4K5   138                6             1.15             1.16           0.9998           0.0013
     RPL5     66    TMEM177    51                3             0.43             0.43           0.9993           0.0095
     RPL5     66     ANKEF1    56                3             0.47             0.47           0.9987           0.0120
     RPL5     66      SOX14    38                2             0.32             0.32           0.9958           0.0404
     RPL5     66      NETO1   180                7             1.49             1.48           1.0001           0.0005
     RPL5     66     LILRA1   162                5             1.35             1.34           0.9976           0.0106
     RPL5     66       CD97    97                7             0.81             0.80           1.0001           0.0000
     RPL5     66       FA2H    37                2             0.31             0.31           0.9967           0.0399
     RPL5     66     TIMM22    19                2             0.16             0.16           0.9996           0.0104
     RPL5     66     RETSAT   106                4             0.88             0.89           0.9984           0.0102
     RPL5     66     ZNF329    79                5             0.66             0.66           1.0000           0.0003
     RPL5     66      SF3B3   113                5             0.94             0.93           0.9999           0.0022
     RPL5     66    ZDHHC13    49                4             0.41             0.41           1.0000           0.0010
     RPL5     66      CSDE1   135                5             1.12             1.13           0.9995           0.0049
     RPL5     66      NPHP3   132                6             1.10             1.11           1.0000           0.0010
     RPL5     66       ZIC4   152                4             1.26             1.27           0.9910           0.0395
     RPL5     66     TMEM19    68                5             0.57             0.57           1.0000           0.0004
     RPL5     66     PRSS16    75                3             0.63             0.63           0.9969           0.0238
     RPL5     66      MTMR7    92                6             0.77             0.76           1.0000           0.0001
     RPL5     66       TLR4   246                9             2.03             2.03           1.0001           0.0002
     RPL5     66     CEP112   122               10             1.02             1.01           1.0001           0.0000
     RPL5     66     SEMA3A   168                5             1.40             1.38           0.9974           0.0116
     RPL5     66       IWS1   112                5             0.93             0.93           0.9997           0.0019
     RPL5     66    FAM186A   146                8             1.21             1.22           1.0001           0.0000
     RPL5     66       EAPP    35                4             0.29             0.29           1.0000           0.0003
     RPL5     66      SASH1   153               11             1.27             1.28           1.0001           0.0000
     RPL5     66     ZNF350    66                5             0.55             0.56           1.0000           0.0003
     RPL5     66      PROM1   107                7             0.89             0.90           1.0001           0.0000
     RPL5     66     MRPS31    74                3             0.62             0.63           0.9969           0.0252
     RPL5     66      MFSD1    52                3             0.44             0.43           0.9994           0.0096
     RPL5     66      MAGI3   145                6             1.21             1.21           1.0000           0.0010
     RPL5     66      PDE4A    98                5             0.82             0.84           0.9996           0.0014
     RPL5     66       LDB3    94                3             0.78             0.79           0.9930           0.0414
