% ===================================
%%  COAD	Colon adenocarcinoma
% number of entries:    125507
% number of patients:     270
% number of  genes:     17277
% number of  samples:       273
%% length_under   avg_no_muts
        60       1.71       1.16  
        80       2.17       0.37  
       100       1.60       0.92  
       120       3.18       2.25  
       140       2.75       1.34  
       160       3.17       1.42  
       180       8.40      20.62  
       200       4.03       2.88  
       220       3.78       2.15  
       240       4.12       2.71  
       260       4.17       2.19  
       280       4.59       2.47  
       300       4.57       3.23  
       320       4.80       3.34  
       340       5.39       2.61  
       360       5.90       3.48  
       380       8.88      22.51  
       400       5.47       3.45  
       420       6.45       4.58  
       440       6.78       3.56  
       460       6.12       2.97  
       480       6.21       3.79  
       500       7.79       9.53  
       520       6.71       3.54  
       540       6.97       3.22  
       560       7.30       3.67  
       580       8.08       3.81  
       600       7.12       3.53  
       620       8.80       3.41  
       640       8.89       4.20  
       660       8.74       4.43  
       680      10.20       6.62  
       700       8.47       2.52  
       720       9.06       4.22  
       740       9.52       5.98  
       760       9.40       4.18  
       780      13.79       8.14  
       800      15.28      16.04  
       820      10.56       4.68  
       840       8.94       4.12  
       860      12.24       4.80  
       880      11.27       3.40  
       900      14.91       6.38  
       920      13.40       6.49  
       940      16.00       7.90  
       960      11.70       4.88  
       980      16.80       5.08  
      1000      16.36       4.58  
      1020      12.31       6.75  
      1040       9.75       6.89  
      1060      12.62       6.08  
      1080      18.60      10.33  
      1100      14.78       7.91  
      1120      12.71       4.59  
      1140      10.83       3.34  
      1160      12.25       3.27  
      1180      19.00       5.89  
      1200      16.00       6.14  
      1220      18.14       8.64  
      1240      14.50       6.02  
      1260      11.00       3.00  
      1280      15.50       5.94  
      1300      41.60      41.48  
      1320      10.43       4.78  
      1340      16.40       3.44  
      1360      18.50      10.45  
      1380      19.00       0.82  
      1400      12.40       5.95  
      1420      16.50       9.50  
      1440      12.00       2.00  
      1460      20.75       2.86  
      1480      14.29       3.57  
      1500      14.75       5.97  
      1520      27.00       1.63  
      1540      31.00       0.00  
      1560      24.50       7.50  
      1580      16.20       5.23  
      1600      24.33      12.47  
      1620      23.33       5.56  
      1640      26.67       4.19  
      1660      21.25       7.98  
      1700      24.50       7.79  
      1720      20.50       3.50  
      1780      23.50       1.50  
      1800      31.00       4.00  
      1820      25.00       9.64  
      1840      25.00       4.55  
      1860      35.50       4.50  
      1880      14.50       7.50  
      1900      12.00       0.00  
      1920      22.00       2.00  
      1940      17.00       0.00  
      1960      23.50      11.50  
      1980      24.00       0.00  
      2000      23.00       8.52  
      2060      16.00       0.82  
      2140      24.00       0.00  
      2160      27.50       0.50  
      2200      25.50       6.50  
      2220      32.00       0.00  
      2240      19.00       0.00  
      2300      30.00       0.00  
      2320      19.00       0.00  
      2380      18.00       0.00  
      2420      18.00       0.00  
      2440      43.00       0.00  
      2460      24.00       8.00  
      2540      25.00       0.00  
      2560      14.00       0.00  
      2600      13.00       0.00  
      2720      41.00       0.00  
      2760      26.00       0.00  
      2780      45.00       0.00  
      2840      25.00       0.00  
      2920      26.50      10.50  
      3060      61.00       0.00  
      3120      28.00       0.00  
      3420      27.00       0.00  
      3480      54.00       0.00  
      3660      24.00       0.00  
      3800      32.00       0.00  
      4340      53.00       0.00  
      4560      74.00       0.00  
      4620      81.00       0.00  
      4640      69.00       0.00  
      5620      65.00       0.00  
      5880      45.00       0.00  

