% ===================================
%%  COAD	Colon adenocarcinoma
% number of entries:    125507
% number of patients:     270
% number of  genes:     17277
% number of  samples:       273
%% length_under   avg_no_muts
        60       1.00       0.00  
       100       1.33       0.47  
       120       3.33       2.05  
       140       1.67       0.94  
       160       3.50       0.50  
       180      30.25      43.16  
       200       4.00       1.63  
       220       6.50       3.50  
       240       5.00       0.00  
       260       2.00       0.00  
       280       4.38       1.32  
       300       4.25       3.11  
       320       3.67       0.94  
       340       4.88       2.52  
       360       8.00       4.73  
       380       5.00       1.58  
       400       6.33       4.16  
       420       5.12       1.69  
       440       6.60       2.15  
       460       8.60       3.26  
       480       7.00       3.77  
       500      12.25      18.51  
       520       4.73       2.60  
       540       6.38       1.58  
       560       8.60       3.44  
       580       7.27       3.19  
       600       6.67       3.68  
       620      14.50       0.50  
       640      10.33       3.09  
       660       9.33       4.53  
       680       9.00       0.00  
       700       8.33       1.25  
       720       9.67       2.87  
       740      10.67       1.25  
       760      10.75       3.90  
       780      10.20       2.40  
       800      42.00      36.00  
       820      11.00       3.74  
       840       8.75       3.49  
       860      13.00       5.05  
       880      12.00       4.20  
       900      18.50       5.12  
       920      10.00       0.00  
       940      18.17       7.60  
       960      11.50       5.50  
       980      19.00       0.00  
      1000      19.60       2.73  
      1020       6.50       0.50  
      1040      10.00       0.00  
      1100      10.67       6.13  
      1120      11.33       4.71  
      1140       9.00       0.00  
      1180      15.00       2.00  
      1200      13.67       2.05  
      1220      11.50       5.50  
      1260      10.00       0.00  
      1300      19.50       9.50  
      1320      10.00       2.94  
      1340      20.00       0.00  
      1440      14.00       0.00  
      1480      13.00       0.00  
      1500      22.00       0.00  
      1520      29.00       0.00  
      1560      17.00       0.00  
      1580      14.00       0.00  
      1620      21.00       0.00  
      1660      18.00       0.00  
      1780      25.00       0.00  
      1800      27.00       0.00  
      1820      20.00       6.00  
      1880      22.00       0.00  
      1960      35.00       0.00  
      2000      30.00       0.00  
      2060      15.50       0.50  
      2160      28.00       0.00  
      2300      30.00       0.00  
      2420      18.00       0.00  
      2440      43.00       0.00  
      2460      16.00       0.00  
      2560      14.00       0.00  
      2720      41.00       0.00  
      2760      26.00       0.00  
      2920      26.50      10.50  
      4340      53.00       0.00  
      4640      69.00       0.00  
      5620      65.00       0.00  

