% ===================================
%%  COAD	Colon adenocarcinoma
% number of entries:    125507
% number of patients:     270
% number of  genes:     17277
% number of  samples:       273
%% length_under   avg_no_muts
        40       1.60       0.92  
        60       1.73       1.13  
        80       1.94       2.06  
       100       2.06       1.73  
       120       2.17       1.55  
       140       2.14       1.64  
       160       2.40       1.75  
       180       3.21       6.22  
       200       2.84       2.30  
       220       3.00       1.91  
       240       3.32       2.41  
       260       3.33       2.14  
       280       3.66       2.66  
       300       4.24       2.74  
       320       4.11       3.61  
       340       4.43       2.79  
       360       4.64       3.48  
       380       5.35       7.42  
       400       5.28       3.60  
       420       5.16       3.27  
       440       5.66       4.79  
       460       5.63       3.40  
       480       5.88       3.44  
       500       6.01       4.39  
       520       6.49       3.75  
       540       6.27       3.86  
       560       6.92       4.55  
       580       6.84       3.49  
       600       7.17       4.37  
       620       7.24       3.58  
       640       7.67       4.37  
       660       7.99       5.42  
       680       8.64       6.71  
       700       7.88       4.30  
       720       8.01       4.38  
       740       8.14       4.41  
       760       8.89       4.60  
       780      10.25       6.64  
       800       9.60       7.27  
       820       9.27       4.03  
       840       9.89       7.43  
       860      10.38       4.93  
       880       9.94       4.36  
       900      10.83       5.49  
       920      12.01       6.00  
       940      11.92       5.85  
       960      10.56       4.19  
       980      10.78       5.39  
      1000      12.87       6.11  
      1020      14.21      14.91  
      1040      12.22       6.30  
      1060      12.64       8.45  
      1080      13.59       8.66  
      1100      13.43       7.21  
      1120      12.16       5.11  
      1140      13.19       6.88  
      1160      12.22       5.16  
      1180      11.87       6.01  
      1200      14.40       7.11  
      1220      14.86       6.96  
      1240      14.69       4.93  
      1260      14.26       6.00  
      1280      13.86       6.92  
      1300      19.23      19.13  
      1320      13.52       5.49  
      1340      14.40       8.69  
      1360      13.79       5.80  
      1380      15.68       5.91  
      1400      13.61       4.18  
      1420      14.39       6.53  
      1440      17.20       7.02  
      1460      17.19       6.31  
      1480      16.36       6.11  
      1500      14.11       8.26  
      1520      18.91       7.88  
      1540      16.95       8.28  
      1560      20.11       8.10  
      1580      18.04       9.23  
      1600      19.48       8.34  
      1620      16.44       8.15  
      1640      17.32       7.32  
      1660      21.19       7.99  
      1680      17.94       7.57  
      1700      17.79       7.08  
      1720      20.29      10.33  
      1740      16.36      10.05  
      1760      16.38       8.20  
      1780      20.15       7.20  
      1800      17.29       8.17  
      1820      25.11       9.86  
      1840      19.47       7.34  
      1860      21.27      10.23  
      1880      23.53       9.47  
      1900      16.65       5.18  
      1920      24.75       7.67  
      1940      23.39      12.17  
      1960      20.00       7.68  
      1980      20.70       6.68  
      2000      24.60      11.16  
      2020      20.23       6.45  
      2040      20.88       2.89  
      2060      18.00       3.55  
      2080      17.50       6.75  
      2100      22.90       7.12  
      2120      15.40       3.38  
      2140      28.25      10.34  
      2160      22.12      10.59  
      2180      24.00       5.24  
      2200      29.60      13.78  
      2220      18.50       6.61  
      2240      20.33       6.83  
      2260      21.86       9.16  
      2280      33.60       9.29  
      2300      26.40       9.39  
      2320      26.14      14.76  
      2340      28.89      12.89  
      2360      27.89      10.30  
      2380      22.00       2.92  
      2400      32.80      15.68  
      2420      27.20      10.42  
      2440      32.38      24.40  
      2460      25.14       6.94  
      2480      27.83       7.10  
      2500      35.20      14.05  
      2520      30.00      10.35  
      2540      19.25       6.70  
      2560      24.17       6.59  
      2580      36.67      11.44  
      2600      16.33      12.13  
      2620      27.83       8.74  
      2640      37.67      22.53  
      2660      29.00       6.96  
      2680      21.33       6.85  
      2700      23.80       6.27  
      2720      35.67       7.54  
      2740      19.25       8.64  
      2760      31.25       6.87  
      2780      30.67      10.21  
      2800      29.00       9.72  
      2820      34.00       7.79  
      2840     123.33     121.15  
      2860      36.25      12.79  
      2880      18.00       0.00  
      2900      57.00      15.00  
      2920      25.00       8.83  
      2940      36.00       6.16  
      2960      31.33       3.30  
      2980      31.00       0.00  
      3000      30.33       8.01  
      3020      24.00       2.00  
      3040      37.00      10.00  
      3060      42.33      15.11  
      3080      30.33       4.50  
      3100      21.50       2.50  
      3120      45.33      13.52  
      3140      44.00      13.00  
      3160      50.00      15.56  
      3180      37.00      12.00  
      3220      27.00       9.00  
      3240      40.50       1.50  
      3260      34.00       1.00  
      3280      40.00       0.00  
      3300      20.00       0.00  
      3320      43.50      14.50  
      3360      28.00       0.00  
      3380      48.00       0.00  
      3400      36.00       0.00  
      3420      27.00       0.00  
      3460      47.50       4.50  
      3480      54.00       0.00  
      3520      38.50       7.50  
      3540      31.33      27.18  
      3560      51.00      13.00  
      3600      80.00       0.00  
      3620      52.00       0.00  
      3660      21.67       4.78  
      3680      57.50      10.50  
      3700      57.67      29.91  
      3740      30.00       0.00  
      3800      32.00       0.00  
      3840      40.00       0.00  
      3900      38.00       0.00  
      3920      46.00      13.00  
      3940      49.00       0.00  
      3960      36.00       0.00  
      4000      45.00       0.00  
      4020      42.50       5.50  
      4060      46.67       4.03  
      4100      59.00       0.00  
      4120       3.00       0.00  
      4140      33.00       0.00  
      4160      31.00       0.00  
      4240      48.00       0.00  
      4260      33.00       9.00  
      4300      36.50       4.50  
      4340      53.00       0.00  
      4360      42.50      14.50  
      4380      36.50      12.50  
      4420      64.00       0.00  
      4460      49.00       0.00  
      4480      67.00      12.04  
      4520      72.00       0.00  
      4540      50.00       0.00  
      4560      63.00      11.00  
      4580      68.33      14.38  
      4620      81.00       0.00  
      4640      52.33      12.47  
      4680      85.00       0.00  
      4740      39.00       0.00  
      4820      43.00       0.00  
      4840      39.00       0.00  
      4860      51.00      22.00  
      4900      40.00       0.00  
      4960      98.00       0.00  
      4980     104.00       0.00  
      5000      42.00       0.00  
      5020      78.00       0.00  
      5040      70.00       0.00  
     14500     183.00       0.00  
      5120      34.00       0.00  
      5140      71.00       0.00  
      5160      52.00       0.00  
      5180      47.00       0.00  
      5200      57.00      16.00  
     35980     447.00       0.00  
      5400      56.00      21.00  
      5420      60.00       0.00  
      5580      46.00       0.00  
      5620      65.00       0.00  
      5760      72.00       0.00  
      5780      54.00       0.00  
      5880      45.00       0.00  
      6300      70.00       0.00  
      6900      50.00       0.00  
      6980      22.00       0.00  
      8520      74.00       0.00  
      8780     161.00       0.00  
      8920     159.00       0.00  

