% ===================================
%%  COAD	Colon adenocarcinoma
% number of entries:    125507
% number of patients:     270
% number of  genes:     17277
% number of  samples:       273
%% length_under   avg_no_muts
        40       1.67       1.11  
        60       1.80       1.23  
        80       1.67       0.86  
       100       2.01       1.74  
       120       1.98       1.47  
       140       2.03       1.40  
       160       2.26       1.73  
       180       2.67       3.66  
       200       2.57       2.17  
       220       2.73       1.87  
       240       3.18       2.44  
       260       3.03       2.00  
       280       3.33       2.07  
       300       4.00       2.72  
       320       3.75       4.02  
       340       4.13       2.51  
       360       4.13       3.33  
       380       4.61       2.97  
       400       4.70       3.03  
       420       4.60       3.01  
       440       5.19       5.08  
       460       5.21       3.56  
       480       5.03       2.88  
       500       5.16       3.15  
       520       6.30       4.03  
       540       5.81       3.67  
       560       6.62       5.39  
       580       6.16       3.40  
       600       6.64       4.45  
       620       6.75       3.32  
       640       7.04       4.54  
       660       7.69       6.69  
       680       7.80       8.10  
       700       7.19       3.65  
       720       7.29       5.02  
       740       7.43       3.64  
       760       8.04       5.04  
       780       7.89       4.71  
       800       8.03       4.22  
       820       8.60       3.75  
       840       8.07       4.08  
       860       9.17       4.57  
       880       9.17       4.52  
       900       9.05       4.29  
       920      11.32       5.31  
       940      10.62       4.93  
       960      10.49       4.14  
       980       7.88       3.76  
      1000      13.10       8.37  
      1020      14.43      22.45  
      1040      11.76       5.12  
      1060      13.39      11.20  
      1080      11.38       5.55  
      1100      11.71       7.23  
      1120      11.58       4.26  
      1140      11.19       4.87  
      1160      11.48       4.32  
      1180      10.23       5.18  
      1200      15.20       8.01  
      1220      13.79       6.41  
      1240      13.53       4.17  
      1260      12.69       4.59  
      1280      13.68       7.60  
      1300      15.70       4.73  
      1320      14.47       5.28  
      1340      10.88       9.89  
      1360      11.90       4.55  
      1380      14.89       7.67  
      1400      13.33       3.36  
      1420      13.62       7.20  
      1440      16.67       9.29  
      1460      15.85       7.86  
      1480      16.44       6.62  
      1500      14.62      10.28  
      1520      14.89       4.89  
      1540      14.89       8.40  
      1560      15.25       5.12  
      1580      19.71      14.10  
      1600      18.67       8.34  
      1620       8.00       5.61  
      1640      15.25       8.74  
      1660      25.00       8.49  
      1680      16.29       9.04  
      1700      14.38       6.92  
      1720      15.83      10.61  
      1740      11.10       6.09  
      1760       9.00       0.00  
      1780      18.67       7.72  
      1800      15.29       5.72  
      1820      20.50       4.72  
      1840      14.40       4.27  
      1860      21.67       7.27  
      1880      26.38       9.49  
      1900      16.57       6.41  
      1920      24.12       7.96  
      1940      21.12      12.88  
      1960      20.00       4.32  
      1980      20.50       2.60  
      2000      25.83      15.52  
      2020      21.12       5.62  
      2040      20.67       3.09  
      2060      17.50       3.77  
      2080      12.50       2.50  
      2100      21.50       6.34  
      2120      15.00       4.24  
      2140      18.50       0.50  
      2160      16.75       3.63  
      2180      16.00       0.00  
      2200      27.50       7.40  
      2220      13.50       1.50  
      2240      18.00       4.12  
      2260      22.33      11.09  
      2280      34.00       7.00  
      2300      21.00       0.00  
      2320      36.67      15.92  
      2340      32.25      18.25  
      2360      33.80       8.26  
      2380      23.00       0.00  
      2400      35.50      16.45  
      2420      24.33       6.24  
      2440      40.33      36.55  
      2460      25.00       0.00  
      2480      24.50       5.50  
      2500      43.33      12.55  
      2520      32.00       0.00  
      2540      21.50       9.50  
      2560      19.00       0.00  
      2580      37.00      14.00  
      2600      11.00       6.12  
      2620      23.67       8.26  
      2640      48.00      21.00  
      2660      22.50       2.50  
      2680      17.00       0.00  
      2700      19.67       4.50  
      2740      23.00       7.00  
      2760      31.00       8.00  
      2800      22.00       0.00  
      2860      26.00       0.00  
      2880      18.00       0.00  
      2920      22.00       0.00  
      2940      44.00       0.00  
      2960      32.50       3.50  
      2980      31.00       0.00  
      3000      36.00       0.00  
      3060      33.00       9.00  
      3100      19.00       0.00  
      3140      31.00       0.00  
      3160      61.00       0.00  
      3180      37.00      12.00  
      3260      33.00       0.00  
      3540      45.50      22.50  
      3560      64.00       0.00  
      3600      80.00       0.00  
      3660      20.50       5.50  
      4000      45.00       0.00  
      4060      50.00       0.00  
      4120       3.00       0.00  
      4140      33.00       0.00  
      4160      31.00       0.00  
      4240      48.00       0.00  
      4260      24.00       0.00  
      4300      36.50       4.50  
      4380      49.00       0.00  
      4480      73.00       7.00  
      4520      72.00       0.00  
      4680      85.00       0.00  
      4740      39.00       0.00  
      4840      39.00       0.00  
      4860      29.00       0.00  
      4960      98.00       0.00  
      5000      42.00       0.00  
      5040      70.00       0.00  
     14500     183.00       0.00  
      5580      46.00       0.00  
      5760      72.00       0.00  
      5780      54.00       0.00  
      6300      70.00       0.00  
      6980      22.00       0.00  
      8920     159.00       0.00  

