8
17
26
30
36
36
47
57
57
61
64
70
79
79
85
93
104
115
127
131
134
144
147
153
162
172
181
187
193
199
208
214
223
232
232
240
246
257
257
261
272
276
280
288
299
302
308
314
314
323
323
329
329
337
346
352
358
365
372
376
387
399
402
406
410
421
427
437
443
453
460
464
470
474
474
474
483
487
493
496
500
506
520
523
535
538
554
568
579
579
587
597
610
610
627
630
639
651
660
670
670
685
697
708
722
735
746
757
761
767
777
777
793
806
817
832
846
850
868
880
886
898
914
921
930
936
940
940
946
949
955
959
965
965
978
994
1001
1017
1025
1040
1052
1066
1079
1085
1100
1112
1115
1126
1142
1145
1155
1167
1171
1183
1197
1211
1223
1234
1244
1255
1269
1286
1300
1313
1327
1337
1352
1365
1375
1392
1406
1418
1428
1439
1453
1468
1478
1482
1495
1509
1524
1530
1542
1553
1559
1559
1559
1578
1590
1603
1617
1617
1623
1626
1626
1629
1629
1629
1632
1635
1635
1639
1642
1642
1642
1645
1648
1651
1660
1663
1667
1673
1676
1682
1688
1691
1694
1694
1697
1700
1704
1710
1710
1714
1717
1717
1723
1733
1733
1736
1736
1740
1740
1740
1740
1740
1740
1740
1740
1750
1750
1750
1753
1753
1756
1759
1759
1762
1766
1770
1773
1777
1783
1786
1786
1793
1800
1800
1803
1809
1812
1815
1823
1823
1829
1832
1838
1842
1848
1851
1855
1859
1868
1868
1871
1874
1874
1878
1878
1885
1888
1891
1897
1897
1903
1906
1910
1910
1913
1916
1922
1925
1925
1925
1925
1928
1928
1934
1934
1938
1942
1942
1948
1952
1952
1955
1968
1971
1974
1978
1981
1985
1991
1994
1997
2000
2000
2000
2000
2004
2007
2007
2010
2013
2019
2023
2027
2030
2030
2033
2033
2037
2040
2043
2043
2047
2047
2047
2053
2059
2059
2063
2066
2066
2072
2075
2083
2091
2097
2097
2101
2107
2114
2121
2130
2136
2146
2152
2161
2164
2167
2177
2185
2194
2202
2215
2225
2231
2240
2247
2255
2258
2264
2270
2279
2290
2293
2304
2316
2327
2337
2347
2359
2366
2370
2376
2386
2392
2399
2410
2414
2420
2430
2437
2441
2441
2447
2454
2462
2466
2466
2473
2479
2486
2489
2496
2504
2512
2524
2528
2534
2544
2548
2554
2558
2558
2569
2576
2584
2594
2602
2612
2622
2628
2639
2652
2681
2692
2704
2717
2727
2731
2747
2759
2769
2777
2788
2797
2809
2823
2833
2843
2850
2862
2868
2878
2889
2901
2914
2918
2929
2941
2950
2962
2973
2985
2993
3007
3018
3027
3039
3051
3057
3060
3073
3085
3096
3099
3110
3113
3127
3133
3139
3148
3167
3173
3184
3195
3204
3207
3223
3238
3241
3249
3249
3253
3263
3271
3277
3286
3294
3301
3304
3312
3315
3326
3335
3341
3350
3358
3365
3365
3369
3380
3388
3397
3397
3406
3406
3415
3422
3422
3425
3435
3444
3450
3460
3472
3482
3489
3495
3505
3518
3518
3524
3532
3543
3553
3566
3580
3592
3606
3621
3637
3653
3667
3679
3694
3708
3721
3735
3748
3765
3780
3796
3810
3825
3839
3853
3867
3880
3893
3907
3921
3935
3952
3969
3982
3995
4010
4023
4037
4051
4067
4080
4092
4107
4123
4138
4153
4167
4182
4196
4211
4224
4238
4254
4270
4285
4300
4314
4328
4341
4356
4373
4388
4404
4414
4433
4449
4464
4479
4492
4505
4521
4533
4546
4565
4589
4618
4627
4644
4656
4673
4687
4699
4711
4722
4737
4749
4761
4780
4794
4807
4818
4838
4849
4869
4898
4917
4936
4950
4966
4986
5000
5015
5028
5046
5060
5078
5095
5107
5123
5139
5151
5169
5184
5199
5216
5232
5252
5267
5282
5309
5326
5338
5356
5370
5387
5405
5423
5441
5455
5479
5491
5507
5528
5551
5568
5582
5598
5617
5631
5648
5665
5681
5696
5711
5723
5736
5750
5765
5780
5793
5812
5828
5841
5854
5868
5880
5894
5905
5916
5928
5942
5953
5967
5984
5999
6015
6028
6042
6060
6072
6082
6092
6107
6123
6143
6158
6176
6190
6205
6219
6233
6248
6261
6275
6290
6300
6313
6328
6342
6357
6375
6389
6402
6419
6431
6446
6456
6470
6485
6497
6511
6524
6543
6558
6570
6580
6595
6611
6617
6632
6641
6655
6665
6681
6703
6718
6732
6747
6764
6778
6793
6804
6815
6825
6835
6844
6854
6862
6868
6877
6890
6896
6903
6906
6918
6925
6936
6943
6949
6955
6958
6968
6978
6984
6995
7004
7015
7025
7034
7043
7052
7062
7069
7075
7085
7094
7100
7109
7112
7121
7133
7144
7155
7162
7166
7181
7188
7197
7214
7232
7239
7257
7274
7292
7308
7326
7344
7363
7382
7401
7415
7432
7448
7459
7472
7488
7499
7508
7525
7539
7539
7552
7567
7584
7592
7618
7633
7647
7664
7675
7694
7710
7730
7747
7768
7782
7793
7807
7824
7841
7844
7858
7870
7880
7889
7901
7915
7915
7929
7950
7963
7966
7973
7990
8003
8018
8028
8028
8047
8060
8073
8079
8093
8106
8131
8140
8161
8176
8196
8215
8236
8236
8261
8273
8292
8298
8315
8326
8344
8360
8380
8384
8388
8402
8414
8414
8429
8442
8452
8467
8482
8485
8488
8505
8512
8527
8527
8543
8557
8570
8585
8602
8617
8632
8648
8662
8677
8692
8708
8725
8739
8758
8761
8764
8777
8794
8806
8818
8835
8853
8865
8881
8897
8912
8920
8949
8964
8980
8997
9016
9032
9053
9068
9089
9103
9119
9126
9134
9143
9153
9168
9181
9194
9213
9225
9237
9256
9267
9290
9301
9309
9319
9319
9337
9337
9350
9365
9371
9398
9404
9404
9417
9423
9429
9450
9478
9492
9505
9505
9530
9539
9543
9554
9567
9580
9595
9611
9626
9639
9651
9666
9680
9691
9705
9723
9738
9751
9775
9790
9806
9812
9823
9823
9834
9838
9848
9866
9881
9892
9907
9923
9936
9951
9967
9984
9995
10009
10012
10012
10030
10046
10050
10070
10089
10105
10125
10148
10164
10184
10193
10212
10226
10238
10244
10260
10269
10293
10307
10319
10334
10348
10374
10390
10403
10414
10428
10448
10458
10470
10485
10497
10511
10520
10539
10553
10570
10590
10603
10610
10630
10651
10666
10684
10699
10715
10734
10751
10765
10779
10796
10812
10827
10846
10861
10878
10894
10908
10925
10940
10957
10973
10987
11002
11018
11035
11050
11065
11081
11096
11112
11128
11151
11165
11183
11204
11219
11228
11246
11258
11269
11286
11302
11315
11329
11343
11360
11378
11391
11407
11422
11438
11455
11471
11487
11498
11513
11527
11545
11554
11572
11588
11611
11627
11650
11667
11683
11683
11697
11714
11727
11743
11756
11759
11765
11777
11787
11791
11810
11810
11819
11834
11850
11850
11854
11868
11883
11883
11883
11893
11896
11907
11922
11941
11962
11977
11991
12010
12010
12021
12035
12039
12049
12059
12062
12068
12077
12083
12097
12101
12114
12124
12138
12152
12158
12166
12169
12184
12191
12208
12224
12239
12250
12263
12277
12289
12308
12323
12337
12349
12361
12379
12397
12412
12422
12451
12451
12451
12462
12470
12482
12493
12496
12512
12526
12540
12550
12566
12569
12585
12600
12606
12610
12616
12632
12648
12666
12669
12687
12700
12708
12722
12733
12733
12746
12753
12766
12784
12794
12807
12824
12832
12846
12856
12872
12883
12899
12908
12924
12924
12940
12960
12971
12971
12977
12990
12990
12993
13005
13019
13019
13035
13047
13047
13062
13062
13077
13090
13090
13090
13093
13103
13109
13109
13123
13134
13147
13147
13155
13155
13166
13166
13166
13166
13169
13169
13180
13194
13197
13197
13209
13213
13213
13224
13237
13248
13251
13257
13269
13282
13298
13309
13315
13329
13348
13364
13376
13383
13391
13398
13398
13413
13413
13430
13433
13446
13461
13475
13490
13502
13517
13534
13538
13538
13552
13572
13572
13575
13575
13581
13594
13603
13603
13616
13626
13640
13656
13668
13668
13684
13697
13710
13723
13730
13748
13762
13776
13791
13805
13823
13829
13833
13839
13855
13871
13888
13905
13919
13925
13928
13942
13957
13961
13969
13969
13975
13995
14004
14016
14019
14032
14038
14054
14060
14067
14067
14067
14081
14084
14091
14097
14101
14115
14133
14148
14163
14177
14191
14191
14205
14219
14222
14237
14254
14269
14285
14297
14315
14325
14342
14359
14373
14387
14401
14418
14421
14435
14451
14461
14467
14483
14483
14498
14514
14521
14536
14543
14558
14573
14589
14595
14612
14630
14648
14658
14675
14695
14715
14732
14748
14761
14775
14789
14805
14820
14836
14848
14875
14891
14906
14921
14931
14946
14959
14973
14984
14997
15006
15026
15041
15056
15071
15083
15098
15111
15126
15149
15165
15165
15179
15193
15208
15221
15237
15244
15256
15259
15276
15287
15301
15307
15321
15334
15337
15351
15360
15371
15381
15391
15403
15418
15433
15442
15455
15464
15475
15488
15498
15505
15517
15531
15542
15555
15568
15580
15595
15608
15619
15630
15636
15650
15657
15666
15677
15692
15699
15718
15730
15742
15755
15766
15774
15784
15796
15800
15814
15824
15837
15841
15856
15871
15874
15887
15901
15918
15934
15949
15949
15964
15964
15964
15964
15964
15979
15979
15979
15995
15995
16006
16009
16009
16012
16025
16031
16044
16060
16060
16073
16080
16094
16100
16113
16132
16141
16158
16173
16179
16179
16192
16195
16199
16210
16227
16244
16256
16266
16276
16279
16282
16288
16306
16310
16322
16333
16339
16350
16360
16373
16389
16402
16414
16428
16431
16446
16461
16476
16488
16499
16502
16518
16525
16539
16553
16565
16578
16591
16599
16613
16620
16629
16645
16665
16684
16692
16708
16720
16736
16749
16766
16780
16795
16810
16824
16841
16856
16872
16886
16902
16919
16935
16951
16967
16983
16997
17013
17025
17039
17056
17063
17075
17088
17102
17106
17113
17125
17136
17142
17153
17163
17180
17186
17202
17213
17227
17244
17259
17275
17291
17306
17324
17339
17354
17370
17394
17411
17431
17431
17448
17448
17462
17477
17494
17511
17527
17543
17558
17561
17579
17595
17611
17624
17643
17662
17679
17693
17709
17725
17741
17757
17771
17783
17797
17810
17825
17839
17854
17864
17884
17902
17917
17929
17944
17960
17976
17992
18005
18024
18038
18044
18060
18069
18081
18098
18111
18128
18145
18162
18177
18189
18206
18214
18229
18245
18260
18276
18292
18308
18324
18338
18352
18361
18379
18391
18406
18412
18420
18441
18454
18473
18481
18489
18507
18518
18532
18545
18556
18569
18578
18588
18588
18597
18610
18625
18637
18651
18662
18674
18684
18698
18707
18713
18723
18735
18747
18756
18768
18785
18785
18798
18820
18840
18862
18884
18904
18924
18946
18966
18985
19007
19028
19051
19074
19095
19113
19133
19152
19176
19197
19219
19242
19262
19281
19300
19319
19340
19362
19382
19404
19426
19444
19466
19485
19503
19523
19545
19567
19588
19609
19631
19649
19669
19692
19714
19734
19757
19778
19802
19822
19845
19867
19889
19912
19935
19957
19980
20004
20023
20044
20065
20087
20109
20130
20151
20172
20193
20213
20231
20252
20272
20292
20312
20329
20347
20373
20398
20419
20443
20467
20489
20512
20536
20561
20581
20603
20625
20646
20672
20695
20718
20741
20763
20786
20809
20834
20858
20885
20911
20933
20957
20985
21008
21031
21052
21076
21099
21119
21142
21165
21188
21212
21237
21259
21279
21301
21323
21347
21371
21394
21417
21438
21461
21483
21506
21529
21554
21577
21601
21625
21651
21677
21701
21725
21746
21769
21792
21813
21835
21858
21881
21909
21932
21953
21972
21992
22014
22035
22054
22073
22095
22118
22135
22152
22177
22198
22219
22242
22265
22289
22311
22332
22356
22379
22400
22423
22445
22469
22492
22516
22538
22559
22580
22600
22620
22641
22670
22691
22718
22741
22764
22784
22803
22830
22844
22870
22895
22911
22930
22946
22968
22995
23014
23039
23056
23073
23090
23118
23135
23162
23179
23196
23214
23231
23249
23266
23285
23300
23318
23343
23363
23383
23408
23434
23449
23474
23491
23517
23534
23551
23570
23588
23608
23628
23653
23668
23685
23709
23727
23753
23773
23790
23807
23833
23852
23871
23890
23905
23927
23946
23973
23990
24016
24034
24051
24074
24094
24111
24127
24156
24176
24195
24213
24239
24258
24278
24296
24323
24339
24363
24388
24406
24423
24441
24458
24477
24504
24519
24544
24570
24596
24622
24640
24657
24683
24701
24720
24747
24766
24782
24809
24835
24853
24874
24892
24910
24929
24948
24970
24987
25005
25020
25039
25066
25092
25108
25125
25144
25172
25188
25206
25226
25246
25264
25283
25302
25321
25348
25366
25384
25410
25428
25456
25481
25497
25513
25529
25547
25565
25584
25604
25631
25647
25663
25688
25714
25734
25751
25769
25787
25805
25823
25849
25865
25882
25898
25917
25935
25962
25980
26000
26029
26046
26066
26084
26108
26125
26144
26162
26188
26206
26231
26255
26282
26306
26322
26342
26360
26385
26406
26425
26453
26471
26487
26514
26532
26551
26568
26592
26606
26623
26640
26656
26672
26699
26716
26741
26769
26796
26816
26835
26853
26874
26893
26919
26945
26964
26981
27007
27025
27044
27060
27086
27109
27136
27163
27182
27210
27235
27252
27269
27293
27309
27328
27350
27378
27400
27427
27444
27462
27480
27501
27517
27534
27551
27566
27586
27604
27622
27642
27657
27684
27699
27715
27743
27761
27777
27793
27822
27840
27856
27878
27895
27913
27927
27943
27960
27977
27993
28006
28029
28046
28075
28092
28110
28127
28156
28184
28208
28231
28251
28270
28285
28312
28335
28363
28387
28413
28440
28465
28492
28518
28546
28573
28588
28602
28617
28632
28650
28670
28689
28718
28747
28776
28805
28825
28841
28860
28877
28894
28908
28925
28947
28969
28988
29004
29033
29049
29066
29093
29118
29146
29164
29180
29197
29213
29230
29251
29266
29283
29298
29326
29354
29373
29389
29415
29433
29448
29468
29484
29500
29517
29544
29561
29582
29599
29614
29630
29645
29664
29681
29699
29715
29734
29762
29790
29816
29833
29851
29879
29898
29916
29933
29947
29972
29997
30013
30031
30055
30073
30100
30128
30144
30162
30187
30204
30232
30255
30273
30289
30307
30326
30345
30360
30374
30393
30413
30440
30456
30473
30489
30512
30525
30543
30563
30590
30619
30636
30660
30688
30717
30733
30761
30790
30807
30822
30838
30859
30887
30902
30919
30935
30953
30972
30988
31004
31029
31046
31062
31091
31107
31121
31146
31161
31187
31203
31221
31236
31254
31279
31294
31311
31339
31357
31375
31401
31417
31434
31450
31469
31490
31517
31537
31566
31582
31595
31611
31636
31664
31681
31701
31718
31736
31755
31772
31789
31804
31820
31838
31853
31869
31885
31901
31918
31944
31958
31979
31997
32012
32040
32049
32078
32102
32119
32136
32152
32169
32197
32216
32228
32245
32265
32281
32297
32315
32334
32352
32372
32390
32405
32425
32441
32457
32475
32494
32514
32532
32551
32571
32590
32606
32622
32639
32655
32668
32684
32701
32718
32732
32749
32769
32787
32808
32824
32839
32857
32872
32887
32899
32921
32937
32953
32974
32992
33007
33020
33041
33056
33071
33091
33112
33135
33151
33166
33188
33204
33219
33233
33258
33273
33290
33308
33330
33347
33364
33386
33404
33419
33435
33454
33469
33489
33504
33517
33534
33553
33574
33593
33611
33630
33649
33670
33689
33709
33724
33745
33762
33777
33797
33815
33835
33851
33875
33888
33908
33930
33952
33970
33990
34005
34026
34043
34057
34076
34095
34111
34127
34141
34156
34176
34192
34208
34232
34245
34266
34283
34299
34309
34324
34337
34356
34371
34388
34402
34421
34432
34447
34464
34480
34499
34515
34530
34540
34552
34569
34586
34603
34619
34635
34649
34660
34676
34693
34711
34730
34746
34764
34785
34803
34816
34827
34841
34858
34878
34894
34911
34927
34942
34957
34971
34989
35003
35023
35040
35056
35078
35095
35108
35122
35139
35151
35164
35182
35200
35213
35227
35247
35266
35285
35304
35322
35340
35355
35370
35387
35404
35421
35442
35461
35480
35499
35518
35537
35559
35572
35590
35603
35619
35634
35648
35662
35680
35697
35721
35739
35755
35771
35787
35805
35820
35837
35857
35873
35896
35910
35910
35924
35945
35967
35989
36004
36019
36038
36064
36083
36095
36098
36110
36127
36146
36163
36183
36206
36230
36251
36272
36293
36304
36324
36344
36355
36370
36383
36397
36415
36430
36446
36463
36482
36506
36525
36551
36573
36599
36621
36642
36663
36685
36700
36716
36736
36754
36769
36785
36805
36819
36846
36871
36893
36909
36926
36942
36960
36977
36993
37010
37027
37039
37048
37054
37070
37095
37123
37148
37176
37200
37224
37243
37247
37273
37293
37310
37337
37361
37388
37404
37432
37445
37463
37486
37507
37527
37541
37562
37584
37610
37630
37657
37679
37697
37721
37743
37758
37779
37801
37821
37841
37862
37879
37896
37914
37933
37951
37968
37987
38015
38033
38053
38076
38096
38115
38135
38154
38168
38182
38196
38217
38232
38252
38273
38296
38319
38326
38332
38352
38374
38396
38420
38431
38451
38478
38503
38524
38541
38563
38587
38607
38624
38648
38667
38685
38706
38724
38744
38756
38779
38804
38825
38837
38861
38883
38907
38930
38954
38975
38997
39018
39030
39039
39058
39077
39091
39107
39123
39136
39156
39173
39188
39209
39225
39244
39264
39286
39310
39331
39351
39376
39397
39419
39437
39457
39479
39500
39520
39536
39558
39578
39598
39620
39642
39663
39687
39709
39734
39757
39780
39801
39824
39839
39864
39885
39900
39916
39938
39958
39977
39992
40006
40032
40052
40075
40085
40099
40106
40119
40130
40145
40158
40167
40179
40203
40224
40245
40265
40293
40320
40339
40359
40378
40395
40414
40432
40453
40477
40499
40515
40533
40551
40567
40588
40608
40630
40649
40668
40685
40703
40721
40740
40763
40783
40808
40829
40849
40867
40887
40910
40925
40944
40966
40985
41007
41027
41047
41067
41089
41107
41126
41145
41162
41181
41202
41212
41228
41248
41271
41291
41311
41329
41350
41369
41388
41408
41429
41449
41464
41473
41486
41495
41509
41519
41536
41552
41562
41580
41598
41619
41640
41657
41674
41694
41704
41723
41741
41760
41778
41799
41816
41831
41849
41869
41890
41911
41926
41946
41964
41982
41999
42015
42024
42037
42051
42074
42095
42114
42135
42164
42181
42203
42223
42243
42261
42281
42300
42321
42336
42357
42376
42400
42421
42442
42460
42480
42503
42522
42546
42565
42585
42606
42626
42644
42665
42687
42705
42726
42746
42762
42780
42802
42822
42845
42863
42885
42902
42925
42947
42967
42990
43010
43032
43052
43071
43092
43112
43135
43157
43177
43196
43215
43235
43256
43279
43302
43326
43348
43368
43385
43405
43424
43439
43455
43474
43488
43506
43527
43549
43570
43598
43618
43639
43661
43690
43709
43730
43750
43771
43792
43814
43843
43862
43883
43908
43934
43961
43980
44005
44034
44057
44077
44100
44124
44144
44164
44186
44209
44228
44247
44268
44290
44319
44342
44364
44382
44398
44420
44441
44460
44480
44500
44522
44542
44563
44583
44602
44624
44645
44654
44668
44682
44695
44708
44719
44746
44771
44783
44783
44800
44817
44827
44840
44856
44866
44883
44900
44918
44934
44948
44964
44983
44997
45014
45041
45053
45053
45065
45082
45094
45094
45109
45126
45138
45146
45152
45165
45183
45202
45218
45237
45256
45276
45293
45313
45334
45361
45380
45400
45412
45428
45457
45477
45493
45512
45530
45549
45568
45587
45609
45628
45649
45671
45692
45704
45722
45739
45759
45779
45796
45814
45828
45846
45864
45883
45912
45931
45950
45964
45983
46001
46029
46050
46064
46091
46118
46135
46151
46168
46188
46206
46225
46241
46257
46270
46290
46302
46318
46337
46351
46370
46386
46399
46416
46432
46445
46460
46470
46488
46505
46523
46541
46560
46581
46593
46608
46621
46640
46655
46670
46685
46699
46714
46728
46746
46759
46774
46787
46802
46819
46819
46840
46857
46875
46896
46914
46928
46955
46977
46994
47010
47024
47043
47057
47074
47088
47105
47122
47147
47161
47177
47193
47209
47226
47241
47257
47275
47303
47322
47339
47353
47367
47377
47397
47417
47423
47423
47439
47453
47453
47457
47473
47490
47507
47514
47533
47552
47579
47596
47613
47624
47635
47653
47669
47680
47693
47710
47738
47752
47768
47788
47801
47807
47822
47843
47864
47877
47894
47900
47914
47914
47923
47942
47962
47971
47986
48005
48021
48031
48058
48070
48098
48102
48115
48140
48159
48176
48183
48199
48210
48226
48243
48269
48285
48285
48301
48319
48337
48355
48369
48384
48412
48429
48445
48456
48474
48489
48499
48520
48536
48536
48556
48577
48592
48613
48633
48655
48677
48697
48718
48734
48754
48775
48795
48815
48836
48853
48875
48894
48914
48934
48954
48973
48995
49015
49036
49056
49077
49097
49113
49133
49154
49176
49198
49219
49233
49255
49275
49296
49324
49343
49356
49377
49397
49419
49439
49460
49479
49497
49516
49537
49559
49581
49602
49622
49642
49662
49683
49703
49723
49739
49758
49777
49797
49818
49839
49857
49879
49898
49919
49939
49959
49979
50003
50021
50042
50063
50083
50103
50122
50145
50168
50187
50203
50223
50242
50265
50285
50305
50324
50345
50365
50385
50401
50422
50440
50463
50482
50500
50519
50540
50558
50585
50603
50603
50616
50632
50648
50662
50686
50705
50722
50740
50757
50772
50786
50812
50829
50847
50866
50886
50902
50918
50933
50945
50962
50976
50992
51007
51017
51030
51039
51054
51063
51075
51091
51107
51131
51148
51166
51180
51195
51204
51219
51235
51251
51264
51276
51292
51314
51334
51353
51374
51395
51416
51439
51467
51483
51503
51525
51546
51568
51593
51609
51631
51652
51674
51701
51719
51741
51765
51784
51806
51826
51847
51866
51887
51911
51930
51953
51973
51986
52007
52027
52043
52064
52084
52103
52132
52153
52172
52201
52229
52249
52268
52289
52310
52328
52350
52370
52391
52414
52436
52465
52487
52511
52536
52558
52579
52608
52629
52647
52670
52689
52709
52727
52746
52767
52787
52807
52829
52850
52879
52899
52923
52943
52966
52988
53009
53037
53058
53085
53103
53124
53149
53171
53192
53214
53235
53257
53277
53298
53321
53343
53364
53383
53400
53419
53438
53456
53473
53502
53522
53543
53565
53587
53610
53628
53649
53671
53692
53712
53731
53754
53775
53798
53819
53843
53864
53885
53909
53930
53953
53975
53997
54019
54042
54064
54087
54108
54128
54147
54167
54187
54212
54234
54253
54275
54297
54326
54345
54367
54385
54407
54427
54451
54471
54495
54516
54537
54561
54582
54606
54626
54643
54663
54682
54703
54722
54742
54764
54783
54802
54823
54836
54862
54884
54911
54932
54951
54972
54989
55011
55033
55054
55075
55103
55121
55138
55157
55175
55195
55213
55239
55257
55276
55302
55321
55339
55356
55377
55399
55417
55434
55452
55468
55482
55505
55521
55541
55559
55576
55591
55610
55628
55647
55665
55684
55704
55724
55746
55766
55785
55807
55829
55848
55868
55888
55910
55933
55953
55981
56002
56020
56044
56068
56093
56114
56139
56165
56187
56209
56234
56252
56271
56290
56313
56335
56359
56384
56406
56431
56456
56476
56503
56530
56555
56576
56597
56619
56642
56664
56684
56705
56727
56747
56768
56788
56809
56829
56850
56869
56893
56910
56936
56951
56979
56998
57014
57033
57046
57064
57077
57093
57110
57130
57152
57168
57185
57205
57225
57254
57281
57300
57319
57338
57361
57377
57395
57415
57438
57457
57479
57498
57514
57530
57550
57570
57592
57612
57633
57654
57671
57684
57700
57717
57734
57750
57765
57781
57797
57816
57834
57852
57870
57886
57903
57919
57936
57952
57968
57992
58014
58036
58057
58080
58098
58125
58146
58166
58186
58207
58234
58253
58272
58292
58311
58332
58351
58372
58390
58416
58436
58457
58477
58496
58516
58534
58555
58577
58597
58617
58638
58656
58680
58696
58716
58739
58748
58766
58790
58811
58833
58853
58871
58890
58914
58935
58955
58977
58993
59012
59031
59050
59072
59089
59111
59131
59151
59170
59190
59211
59230
59251
59272
59291
59311
59330
59350
59371
59391
59411
59431
59454
59475
59497
59519
59527
59527
59536
59542
59549
59560
59566
59577
59588
59601
59610
59618
59629
59638
59649
59662
59673
59683
59683
59689
59702
59714
59724
59734
59734
59734
59734
59734
59734
59743
59743
59743
59743
59751
59762
59762
59762
59762
59762
59762
59762
59762
59762
59762
59762
59762
59762
59762
59762
59762
59762
59762
59762
59762
59762
59762
59762
59762
59762
59768
59775
59775
59775
59775
59775
59775
59775
59781
59781
59781
59781
59781
59781
59781
59781
59781
59781
59781
59781
59781
59781
59781
59781
59781
59781
59781
59781
59781
59781
59781
59781
59781
59781
59781
59781
59781
59781
59781
59781
59781
59781
59781
59781
59781
59781
59781
59781
59781
59781
59781
59781
59781
59781
59781
59781
59781
59781
59781
59781
59781
59781
59781
59781
59781
59781
59781
59781
59781
59781
59781
59798
59816
59835
59853
59871
59888
59903
59919
59938
59953
59970
59989
60003
60018
60035
60052
60065
60079
60095
60108
60125
60141
60160
60177
60196
60211
60228
60245
60263
60283
60300
60318
60335
60351
60374
60396
60418
60439
60460
60482
60504
60523
60549
60567
60587
60607
60626
60646
60663
60681
60701
60723
60743
60766
60786
60807
60826
60841
60860
60875
60893
60909
60929
60948
60965
60982
61000
61016
61035
61053
61069
61087
61108
61128
61146
61164
61181
61198
61215
61230
61247
61267
61285
61305
61325
61343
61358
61375
61393
61417
61437
61456
61478
61498
61523
61546
61563
61581
61601
61623
61640
61662
61680
61702
61721
61744
61767
61788
61810
61831
61848
61869
61891
61911
61932
61960
61977
61995
62011
62032
62055
62076
62097
62118
62139
62167
62190
62211
62231
62248
62266
62286
62309
62331
62351
62375
62395
62417
62439
62462
62480
62505
62523
62542
62564
62584
62604
62623
62639
62657
62677
62699
62718
62734
62752
62769
62790
62816
62832
62848
62866
62884
62902
62921
62934
62952
62969
62987
63010
63026
63044
63063
63084
63106
63123
63143
63162
63178
63196
63216
63233
63256
63274
63291
63307
63329
63348
63365
63378
63395
63411
63431
63446
63465
63482
63500
63517
63536
63551
63570
63590
63609
63629
63648
63670
63690
63715
63736
63753
63782
63808
63828
63844
63865
63887
63907
63927
63947
63968
63992
64016
64032
64048
64068
64092
64115
64136
64157
64176
64197
64215
64236
64257
64278
64298
64321
64342
64363
64386
64405
64427
64451
64475
64495
64518
64538
64561
64583
64603
64625
64644
64664
64688
64707
64726
64750
64767
64789
64805
64821
64839
64857
64877
64900
64917
64920
64940
64959
64982
65009
65029
65048
65067
65084
65107
65124
65144
65161
65180
65201
65218
65236
65253
65271
65290
65308
65328
65346
65363
65380
65403
65422
65441
65457
65480
65503
65521
65540
65557
65571
65589
65608
65626
65641
65661
65680
65696
65714
65733
65750
65768
65785
65805
65824
65848
65865
65883
65900
65920
65937
65956
65959
65976
65995
66023
66046
66064
66083
66100
66118
66135
66153
66171
66191
66209
66226
66245
66262
66280
66299
66314
66331
66358
66378
66396
66414
66433
66454
66473
66490
66508
66527
66547
66564
66582
66605
66623
66641
66657
66680
66699
66717
66735
66755
66772
66790
66804
66823
66842
66858
66874
66891
66914
66930
66948
66964
66987
67006
67030
67048
67071
67088
67106
67125
67140
67159
67178
67201
67222
67239
67258
67281
67300
67318
67337
67356
67376
67393
67409
67427
67444
67467
67486
67505
67522
67539
67557
67580
67599
67622
67641
67664
67683
67700
67718
67740
67762
67778
67796
67812
67827
67846
67872
67890
67908
67926
67944
67962
67980
68003
68020
68038
68054
68072
68089
68116
68133
68151
68167
68184
68206
68220
68238
68258
68287
68298
68320
68338
68361
68378
68393
68411
68432
68453
68472
68492
68509
68525
68543
68561
68579
68597
68616
68631
68648
68668
68687
68710
68727
68742
68759
68782
68799
68820
68846
68862
68882
68905
68923
68939
68960
68981
69000
69020
69039
69057
69080
69099
69117
69133
69150
69167
69186
69204
69223
69238
69260
69282
69303
69320
69337
69356
69378
69392
69400
69406
69412
69419
69425
69439
69443
69454
69467
69474
69480
69486
69494
69497
69503
69511
69524
69528
69534
69537
69543
69553
69560
69568
69572
69578
69582
69588
69594
69600
69609
69619
69628
69635
69644
69654
69663
69673
69688
69694
69700
69709
69719
69729
69735
69735
69743
69749
69764
69770
69777
69799
69806
69810
69828
69828
69838
69847
69853
69859
69862
69872
69880
69902
69906
69926
69948
69957
69968
69977
69977
70000
70023
70044
70067
70093
70117
70143
70159
70174
70192
70207
70224
70241
70257
70275
70290
70298
70308
70314
70322
70332
70338
70345
70351
70361
70367
70371
70380
70386
70390
70396
70402
70402
70405
70412
70419
70429
70439
70445
70454
70460
70466
70472
70480
70500
70519
70537
70556
70579
70599
70626
70645
70671
70698
70722
70742
70764
70785
70805
70825
70846
70872
70893
70917
70938
70960
70980
70996
71014
71031
71053
71073
71090
71112
71131
71151
71171
71198
71220
71239
71265
71285
71304
71322
71347
71372
71397
71413
71433
71450
71474
71494
71514
71534
71558
71581
71605
71628
71649
71672
71691
71714
71734
71754
71777
71794
71808
71826
71845
71860
71878
71895
71911
71930
71945
71960
71976
71994
72010
72029
72048
72066
72085
72106
72130
72150
72174
72197
72214
72239
72254
72275
72293
72312
72329
72346
72362
72379
72399
72418
72435
72452
72468
72485
72508
72530
72553
72572
72588
72614
72637
72662
72689
72713
72742
72770
72794
72820
72844
72870
72892
72916
72938
72956
72979
73008
73030
73052
73076
73096
73121
73144
73170
73198
73222
73246
73269
73298
73321
73342
73370
73392
73417
73440
73463
73483
73504
73527
73549
73573
73597
73619
73648
73669
73691
73717
73741
73766
73789
73807
73832
73854
73878
73903
73929
73954
73975
73999
74023
74043
74068
74092
74116
74142
74167
74189
74213
74237
74260
74287
74311
74336
74357
74382
74408
74432
74457
74479
74500
74527
74551
74577
74601
74626
74647
74672
74695
74718
74739
74763
74788
74812
74834
74857
74873
74896
74923
74948
74971
74993
75016
75040
75062
75087
75107
75129
75153
75176
75200
75223
75246
75265
75289
75314
75337
75360
75384
75406
75428
75452
75475
75496
75519
75539
75560
75583
75604
75622
75644
75668
75692
75716
75744
75771
75799
75821
75841
75863
75886
75914
75937
75961
75978
76003
76026
76049
76072
76094
76122
76151
76178
76201
76228
76249
76273
76297
76319
76341
76362
76384
76406
76429
76454
76475
76495
76516
76535
76559
76584
76612
76633
76654
76679
76706
76729
76754
76779
76803
76825
76851
76873
76892
76914
76939
76960
76985
77007
77026
77048
77070
77095
77120
77145
77170
77192
77215
77239
77264
77286
77311
77333
77359
77384
77405
77426
77453
77480
77502
77523
77552
77576
77600
77622
77647
77672
77697
77720
77740
77761
77785
77802
77818
77839
77861
77885
77906
77929
77949
77972
77996
78017
78037
78061
78084
78105
78126
78149
78171
78193
78216
78236
78259
78285
78311
78333
78353
78379
78404
78429
78451
78475
78497
78521
78544
78567
78589
78613
78635
78660
78684
78705
78730
78755
78779
78801
78823
78845
78866
78891
78914
78936
78961
78984
79007
79031
79053
79072
79093
79114
79137
79160
79184
79207
79231
79255
79280
79302
79325
79350
79373
79396
79421
79445
79451
79457
79461
79461
79468
79468
79468
79482
79499
79515
79529
79544
79560
79580
79595
79610
79624
79640
79657
79675
79691
79710
79730
79746
79761
79778
79794
79809
79825
79839
79853
79868
79884
79898
79913
79929
79945
79960
79976
79991
80008
80024
80047
80076
80101
80122
80149
80175
80203
80228
80250
80269
80290
80315
80339
80361
80385
80407
80427
80451
80473
80495
80517
80541
80565
80590
80612
80636
80661
80689
80712
80738
80763
80778
80801
80829
80844
80873
80897
80922
80946
80969
80996
81022
81047
81076
81105
81123
81147
81167
81189
81211
81235
81262
81286
81309
81332
81354
81381
81404
81427
81452
81472
81495
81520
81543
81566
81586
81610
81634
81658
81681
81703
81724
81745
81768
81793
81818
81842
81862
81883
81906
81928
81948
81973
81996
82021
82043
82067
82089
82109
82130
82149
82172
82201
82223
82249
82272
82294
82315
82340
82364
82385
82408
82429
82449
82471
82495
82517
82544
82554
82578
82600
82629
82653
82674
82696
82718
82738
82757
82781
82801
82823
82845
82867
82890
82906
82928
82949
82974
82996
83018
83037
83062
83083
83111
83131
83155
83179
83203
83228
83253
83275
83298
83315
83337
83364
83387
83409
83433
83453
83478
83503
83522
83543
83565
83588
83610
83628
83653
83678
83697
83719
83744
83765
83790
83811
83832
83855
83875
83896
83918
83940
83949
83970
83996
84021
84040
84062
84082
84102
84122
84146
84167
84190
84212
84235
84255
84276
84298
84320
84341
84364
84384
84406
84429
84453
84475
84498
84521
84544
84568
84589
84612
84634
84656
84679
84698
84721
84744
84768
84791
84813
84835
84862
84883
84908
84931
84942
84965
84988
85005
85030
85051
85072
85093
85107
85129
85154
85173
85199
85224
85248
85271
85296
85317
85341
85364
85385
85403
85425
85453
85479
85504
85527
85548
85573
85594
85617
85642
85660
85682
85701
85730
85752
85779
85800
85824
85845
85855
85873
85897
85916
85938
85957
85981
86005
86024
86051
86077
86099
86122
86149
86173
86198
86223
86246
86268
86291
86317
86340
86365
86389
86413
86437
86460
86484
86505
86525
86544
86570
86598
86622
86645
86665
86688
86710
86725
86738
86753
86759
86765
86779
86795
86805
86821
86837
86848
86861
86868
86868
86881
86887
86887
86901
86916
86942
86953
86962
86974
86977
86985
86985
86999
87005
87014
87025
87031
87041
87062
87079
87091
87100
87112
87131
87149
87164
87180
87184
87204
87217
87226
87245
87252
87273
87292
87320
87337
87346
87352
87373
87392
87402
87410
87422
87441
87460
87472
87489
87509
87526
87532
87535
87555
87573
87589
87608
87625
87646
87662
87683
87701
87729
87737
87754
87773
87792
87808
87828
87847
87859
87874
87881
87903
87920
87930
87946
87964
87980
87986
88000
88004
88030
88048
88069
88085
88104
88123
88143
88164
88184
88201
88222
88225
88237
88257
88273
88291
88301
88317
88334
88337
88349
88349
88361
88361
88361
88364
88379
88379
88396
88409
88422
88426
88432
88448
88464
88477
88496
88505
88505
88511
88528
88531
88548
88566
88575
88579
88593
88609
88638
88655
88674
88693
88693
88712
88727
88749
88765
88778
88796
88815
88834
88846
88860
88882
88900
88918
88947
88959
88978
88995
89008
89027
89051
89071
89092
89105
89122
89142
89159
89171
89188
89203
89222
89229
89245
89249
89256
89269
89286
89302
89318
89332
89350
89371
89389
89408
89425
89435
89441
89461
89475
89501
89519
89532
89544
89557
89573
89592
89611
89624
89639
89667
89676
89695
89714
89734
89744
89748
89766
89777
89786
89807
89823
89852
89871
89893
89909
89912
89928
89944
89959
89972
89988
89998
90023
90023
90041
90056
90073
90073
90084
90096
90116
90135
90152
90172
90190
90208
90228
90238
90255
90265
90282
90296
90313
90340
90352
90367
90390
90418
90436
90436
90464
90480
90493
90512
90532
90553
90569
90585
90599
90618
90629
90639
90642
90660
90660
90680
90686
90706
90723
90743
90756
90773
90787
90793
90812
90829
90838
90857
90876
90894
90906
90915
90921
90941
90952
90967
90984
90988
91008
91022
91032
91060
91077
91077
91095
91118
91146
91171
91171
91183
91202
91221
91237
91254
91278
91299
91313
91330
91334
91362
91375
91394
91410
91431
91445
91465
91482
91492
91509
91528
91550
91556
91576
91596
91612
91628
91640
91640
91650
91667
91673
91680
91692
91710
91728
91742
91761
91769
91769
91783
91787
91787
91787
91807
91807
91807
91807
91807
91835
91858
91858
91874
91878
91888
91907
91927
91952
91968
91977
91991
92000
92009
92026
92042
92062
92062
92071
92075
92088
92106
92122
92136
92136
92145
92148
92148
92155
92171
92174
92174
92192
92192
92211
92235
92246
92268
92280
92286
92303
92323
92338
92359
92369
92389
92417
92434
92447
92466
92480
92499
92520
92538
92556
92572
92587
92608
92636
92639
92659
92662
92662
92679
92686
92707
92725
92729
92729
92751
92763
92782
92790
92812
92827
92846
92863
92880
92907
92924
92934
92949
92949
92970
92974
92974
92990
92993
92996
93006
93023
93037
93061
93082
93093
93112
93127
93127
93127
93127
93131
93144
93162
93189
93205
93220
93244
93250
93268
93290
93299
93318
93335
93339
93352
93356
93362
93368
93392
93408
93422
93445
93451
93469
93484
93495
93495
93513
93513
93513
93530
93559
93580
93599
93602
93602
93618
93639
93653
93656
93662
93662
93679
93703
93712
93729
93739
93748
93748
93748
93748
93751
93771
93780
93795
93808
93828
93837
93840
93857
93861
93864
93868
93885
93893
93901
93901
93912
93915
93933
93948
93961
93961
93983
93987
93996
94016
94020
94024
94028
94040
94051
94060
94072
94089
94111
94115
94136
94140
94151
94157
94174
94201
94220
94238
94256
94267
94278
94298
94315
94325
94347
94367
94373
94373
94373
94383
94411
94429
94435
94435
94448
94467
94470
94470
94481
94500
94519
94543
94543
94560
94568
94578
94593
94593
94619
94634
94651
94655
94655
94670
94684
94703
94718
94733
94753
94771
94788
94806
94824
94830
94837
94845
94845
94860
94860
94863
94863
94879
94901
94914
94931
94951
94974
94990
95003
95023
95045
95061
95068
95083
95098
95119
95135
95150
95171
95185
95206
95221
95249
95268
95288
95317
95340
95369
95382
95402
95416
95443
95462
95479
95502
95521
95537
95557
95574
95596
95618
95638
95658
95680
95701
95722
95740
95764
95785
95809
95828
95847
95869
95890
95917
95936
95958
95979
95998
96017
96037
96054
96072
96088
96109
96130
96150
96171
96189
96210
96233
96255
96264
96284
96311
96326
96345
96363
96385
96411
96429
96452
96477
96506
96530
96551
96567
96586
96606
96625
96644
96662
96681
96703
96726
96750
96770
96796
96825
96841
96859
96877
96896
96919
96940
96960
96976
96994
97013
97041
97061
97082
97099
97114
97136
97150
97172
97201
97218
97235
97257
97279
97308
97328
97350
97369
97385
97404
97422
97451
97470
97489
97510
97520
97541
97557
97576
97597
97612
97640
97661
97684
97701
97717
97745
97764
97793
97812
97832
97852
97874
97895
97915
97931
97952
97974
97990
98012
98029
98054
98077
98106
98128
98155
98179
98198
98222
98243
98259
98285
98307
98323
98347
98370
98398
98426
98444
98461
98480
98498
98515
98533
98556
98575
98599
98619
98642
98662
98690
98711
98734
98752
98774
98802
98824
98844
98865
98887
98906
98928
98948
98967
98994
99023
99042
99057
99077
99101
99123
99151
99172
99201
99220
99241
99260
99279
99300
99321
99340
99360
99380
99397
99414
99436
99452
99471
99500
99519
99540
99563
99583
99604
99627
99649
99666
99685
99714
99736
99754
99777
99798
99817
99837
99865
99884
99904
99922
99939
99955
99973
99993
100007
100029
100046
100064
100093
100113
100135
100152
100171
100191
100214
100235
100254
100268
100288
100304
100332
100354
100374
100402
100426
100444
100463
100479
100504
100526
100546
100563
100582
100599
100620
100636
100656
100673
100695
100716
100740
100761
100780
100800
100817
100838
100855
100873
100892
100914
100933
100956
100976
100997
101017
101028
101042
101061
101082
101108
101128
101152
101174
101196
101216
101235
101255
101274
101291
101311
101329
101349
101369
101391
101413
101430
101450
101470
101491
101512
101534
101552
101581
101599
101618
101638
101655
101678
101697
101721
101740
101759
101771
101791
101802
101815
101832
101854
101875
101902
101930
101951
101973
101996
102018
102036
102055
102075
102095
102123
102143
102167
102189
102209
102237
102257
102275
102296
102316
102338
102359
102379
102397
102425
102439
102454
102473
102500
102519
102537
102557
102585
102605
102626
102649
102670
102693
102709
102731
102747
102768
102789
102808
102828
102846
102862
102883
102900
102920
102943
102961
102981
103005
103027
103045
103064
103083
103111
103129
103150
103170
103191
103210
103227
103247
103263
103279
103298
103317
103336
103351
103366
103379
103398
103420
103436
103454
103467
103487
103503
103523
103546
103562
103581
103596
103616
103631
103652
103670
103690
103709
103725
103743
103759
103778
103795
103811
103830
103845
103864
103880
103902
103919
103932
103955
103974
103994
104010
104027
104044
104059
104077
104095
104114
104131
104153
104168
104186
104210
104227
104247
104266
104286
104300
104317
104338
104354
104372
104388
104404
104425
104444
104464
104482
104499
104518
104536
104555
104572
104593
104610
104623
104641
104656
104673
104692
104709
104726
104741
104762
104781
104798
104818
104834
104855
104871
104889
104906
104926
104942
104960
104970
104983
104999
105019
105038
105058
105074
105092
105112
105129
105146
105163
105185
105202
105220
105237
105253
105274
105291
105311
105329
105350
105373
105393
105410
105429
105448
105468
105482
105500
105517
105537
105559
105574
105591
105609
105630
105648
105670
105686
105700
105716
105735
105756
105768
105785
105803
105825
105839
105856
105873
105891
105909
105926
105943
105961
105983
106000
106017
106031
106048
106066
106085
106099
106117
106134
106152
106168
106188
106209
106230
106250
106267
106282
106299
106315
106331
106351
106369
106386
106407
106424
106445
106462
106479
106494
106508
106529
106548
106569
106588
106610
106628
106647
106665
106684
106699
106722
106739
106758
106775
106797
106817
106837
106854
106871
106888
106911
106926
106946
106959
106971
106987
107006
107022
107044
107059
107075
107090
107106
107122
107139
107157
107170
107184
107201
107219
107241
107262
107280
107297
107313
107331
107349
107371
107387
107404
107421
107441
107458
107473
107491
107509
107530
107550
107571
107588
107604
107623
107641
107654
107672
107689
107714
107733
107754
107771
107788
107808
107823
107838
107853
107870
107883
107904
107923
107939
107956
107975
107999
108012
108028
108045
108060
108076
108096
108118
108138
108154
108166
108186
108205
108223
108246
108262
108278
108295
108314
108334
108352
108373
108394
108415
108437
108456
108475
108492
108512
108521
108538
108559
108577
108594
108613
108635
108650
108673
108690
108708
108726
108746
108759
108774
108794
108807
108823
108840
108863
108880
108896
108918
108936
108954
108970
108990
109011
109029
109051
109071
109092
109104
109125
109143
109153
109170
109192
109211
109230
109250
109268
109288
109304
109322
109343
109363
109383
109399
109415
109433
109446
109464
109479
109496
109508
109520
109541
109558
109575
109592
109611
109626
109645
109662
109680
109695
109715
109731
109746
109765
109784
109800
109816
109831
109851
109870
109885
109904
109912
109929
109948
109964
109981
109998
110017
110036
110054
110072
110084
110105
110117
110134
110152
110171
110190
110206
110227
110245
110268
110287
110304
110323
110339
110358
110375
110396
110415
110435
110454
110474
110493
110512
110526
110546
110562
110587
110614
110633
110659
110685
110707
110724
110744
110762
110791
110817
110845
110870
110888
110905
110921
110941
110958
110977
110998
111014
111031
111051
111077
111102
111124
111150
111175
111202
111227
111252
111278
111297
111313
111329
111356
111371
111391
111411
111430
111449
111470
111491
111509
111525
111543
111556
111574
111592
111610
111627
111645
111668
111687
111704
111721
111736
111752
111770
111788
111805
111819
111838
111856
111868
111882
111896
111912
111925
111942
111960
111978
112000
112020
112040
112055
112075
112099
112117
112135
112158
112177
112190
112208
112226
112244
112263
112282
112302
112319
112338
112357
112373
112389
112398
112408
112417
112428
112434
112441
112447
112456
112460
112466
112469
112469
112469
112472
112472
112472
112472
112478
112481
112489
112489
112495
112501
112512
112518
112522
112522
112522
112528
112535
112539
112547
112551
112557
112560
112560
112566
112573
112582
112591
112601
112601
112604
112607
112616
112619
112619
112628
112634
112640
112651
112661
112669
112678
112686
112692
112701
112712
112721
112729
112736
112739
112746
112749
112752
112756
112765
112772
112785
112791
112798
112810
112814
112817
112820
112833
112843
112853
112865
112874
112877
112887
112894
112900
112908
112921
112921
112931
112935
112945
112956
112960
112970
112980
112984
112993
113003
113003
113016
113032
113035
113044
113048
113060
113066
113081
113109
113122
113138
113155
113164
113175
113175
113188
113202
113217
113230
113233
113241
113251
113258
113258
113272
113284
113290
113293
113305
113314
113323
113336
113342
113349
113352
113364
113371
113390
113390
113397
113403
113411
113418
113428
113441
113444
113448
113458
113461
113467
113471
113471
113479
113493
113502
113502
113502
113506
113516
113526
113537
113543
113556
113566
113575
113578
113585
113588
113588
113591
113607
113621
113634
113648
113665
113679
113696
113713
113728
113744
113760
113775
113793
113806
113823
113838
113852
113865
113877
113894
113911
113927
113942
113957
113975
113991
114012
114029
114044
114059
114075
114090
114104
114122
114138
114156
114166
114184
114199
114215
114231
114249
114266
114283
114298
114314
114330
114344
114360
114377
114394
114407
114425
114440
114456
114473
114488
114506
114521
114538
114556
114573
114587
114602
114617
114631
114644
114661
114676
114693
114710
114730
114750
114761
114774
114787
114803
114820
114833
114845
114862
114878
114895
114914
114929
114946
114962
114979
114994
115013
115029
115045
115061
115076
115092
115111
115128
115142
115159
115177
115195
115211
115225
115241
115258
115272
115288
115305
115333
115349
115364
115380
115395
115412
115429
115448
115466
115481
115499
115516
115532
115541
115559
115575
115591
115608
115626
115644
115660
115676
115697
115713
115730
115745
115763
115781
115798
115812
115829
115847
115862
115876
115893
115910
115925
115942
115956
115968
115985
116001
116017
116033
116050
116068
116084
116100
116115
116128
116145
116161
116176
116190
116206
116224
116243
116258
116275
116292
116310
116326
116342
116358
116371
116387
116400
116415
116431
116443
116460
116476
116492
116519
116537
116555
116573
116590
116608
116623
116638
116656
116674
116690
116702
116721
116740
116755
116773
116789
116804
116812
116827
116842
116856
116871
116887
116904
116920
116936
116952
116968
116980
116994
117009
117025
117041
117058
117075
117092
117106
117119
117134
117150
117167
117184
117202
117217
117234
117253
117270
117286
117303
117322
117340
117354
117368
117384
117403
117417
117431
117445
117459
117477
117495
117510
117524
117544
117557
117584
117599
117615
117634
117650
117665
117682
117701
117715
117730
117745
117762
117781
117795
117810
117827
117843
117858
117874
117890
117906
117921
117936
117949
117964
117979
117999
118016
118023
118040
118057
118071
118087
118106
118124
118141
118157
118172
118195
118211
118228
118243
118257
118267
118285
118302
118319
118337
118354
118367
118384
118400
118415
118427
118440
118458
118471
118487
118501
118516
118533
118551
118567
118582
118598
118618
118632
118649
118665
118680
118697
118709
118723
118739
118757
118775
118790
118806
118822
118839
118856
118872
118890
118905
118921
118938
118953
118969
118983
118995
119010
119025
119039
119053
119067
119082
119096
119111
119129
119144
119171
119185
119201
119218
119234
119249
119264
119282
119299
119317
119334
119351
119366
119382
119396
119410
119425
119438
119453
119470
119486
119500
119515
119528
119543
119560
119575
119590
119605
119620
119636
119653
119665
119681
119696
119710
119724
119741
119758
119773
119787
119803
119818
119833
119849
119864
119881
119894
119911
119925
119940
119955
119970
119986
119998
120013
120026
120041
120058
120071
120085
120100
120113
120132
120146
120162
120179
120195
120211
120227
120243
120257
120273
120288
120305
120319
120333
120349
120365
120381
120392
120407
120426
120441
120460
120479
120496
120512
120528
120545
120559
120576
120591
120606
120621
120637
120652
120665
120680
120695
120710
120727
120745
120760
120776
120792
120807
120822
120839
120856
120874
120892
120908
120922
120938
120955
120969
120983
120997
121013
121030
121046
121063
121077
121092
121107
121123
121136
121149
121164
121180
121197
121214
121230
121248
121264
121283
121299
121314
121331
121348
121363
121377
121393
121408
121425
121441
121457
121467
121482
121497
121512
121525
121540
121550
121565
121578
121595
121613
121628
121644
121660
121675
121688
121702
121717
121732
121750
121767
121785
121801
121819
121839
121858
121878
121896
121915
121933
121952
121971
121987
122003
122022
122048
122069
122088
122106
122127
122155
122173
122193
122212
122238
122256
122274
122291
122312
122331
122354
122376
122394
122414
122432
122450
122467
122487
122504
122521
122527
122553
122568
122593
122613
122631
122645
122665
122684
122702
122726
122751
122768
122784
122803
122819
122838
122855
122871
122890
122917
122940
122959
122978
122994
123013
123034
123051
123072
123089
123108
123129
123146
123164
123182
123203
123219
123238
123255
123272
123289
123312
123332
123358
123378
123396
123415
123435
123446
123465
123489
123513
123525
123543
123569
123586
123609
123629
123649
123666
123685
123704
123723
123742
123762
123781
123800
123818
123834
123854
123872
123892
123909
123928
123948
123969
123989
124009
124028
124046
124065
124084
124104
124120
124140
124157
124175
124195
124213
124232
124254
124270
124288
124307
124327
124347
124366
124384
124402
124423
124442
124462
124482
124499
124520
124536
124556
124574
124594
124611
124628
124644
124663
124682
124699
124718
124737
124758
124778
124797
124814
124829
124848
124868
124886
124905
124924
124945
124965
124982
124998
125013
125028
125048
125067
125086
125100
125116
125135
125154
125172
125185
125201
125218
125237
125254
125275
125294
125314
125333
125350
125369
125387
125406
125426
125444
125463
125481
125499
125516
125533
125547
125566
125585
125604
125623
125639
125658
125674
125692
125708
125725
125745
125766
125782
125801
125821
125838
125851
125869
125886
125905
125925
125938
125955
125975
125995
126015
126035
126056
126074
126091
126109
126126
126142
126163
126179
126197
126212
126225
126240
126259
126276
126296
126315
126332
126352
126371
126391
126406
126425
126444
126464
126481
126500
126519
126538
126558
126576
126592
126609
126628
126647
126664
126682
126701
126719
126739
126759
126780
126797
126814
126834
126851
126869
126888
126906
126925
126944
126963
126983
127002
127020
127039
127057
127075
127092
127110
127135
127160
127187
127209
127231
127251
127279
127303
127324
127347
127368
127391
127416
127444
127470
127494
127517
127539
127562
127585
127611
127633
127661
127681
127700
127721
127745
127771
127793
127816
127836
127857
127879
127895
127920
127949
127968
127990
128009
128019
128039
128045
128061
128074
128097
128113
128135
128152
128173
128189
128211
128217
128236
128253
128269
128284
128298
128311
128328
128344
128359
128363
128380
128403
128425
128440
128456
128476
128494
128515
128521
128527
128541
128561
128580
128590
128610
128625
128651
128665
128678
128695
128702
128722
128734
128743
128763
128783
128800
128812
128832
128848
128871
128895
128907
128923
128944
128964
128970
128988
129006
129026
129042
129065
129084
129098
129108
129125
129143
129154
129172
129182
129197
129209
129225
129242
129260
129279
129294
129315
129329
129353
129365
129382
129397
129414
129423
129445
129460
129468
129490
129505
129525
129543
129553
129576
129595
129608
129622
129637
129647
129660
129684
129705
129731
129750
129774
129794
129811
129837
129857
129880
129897
129918
129941
129962
129982
130009
130031
130050
130073
130096
130122
130143
130165
130187
130206
130225
130247
130265
130283
130302
130326
130348
130374
130395
130422
130444
130466
130491
130517
130536
130557
130577
130599
130621
130642
130669
130690
130709
130730
130748
130773
130797
130818
130838
130862
130884
130904
130927
130945
130965
130989
131010
131027
131046
131066
131089
131113
131134
131155
131179
131203
131230
131251
131273
131294
131319
131344
131370
131395
131421
131438
131458
131482
131505
131527
131552
131572
131593
131617
131639
131661
131686
131712
131738
131758
131776
131799
131823
131842
131868
131881
131903
131926
131950
131968
131994
132017
132042
132064
132084
132102
132128
132150
132173
132193
132214
132236
132257
132275
132297
132319
132341
132357
132374
132393
132409
132434
132452
132469
132487
132502
132519
132538
132559
132575
132592
132605
132627
132646
132667
132687
132702
132723
132745
132765
132793
132818
132835
132857
132877
132901
132927
132944
132970
132993
133013
133040
133063
133089
133112
133136
133162
133189
133213
133230
133249
133275
133297
133319
133342
133358
133383
133403
133419
133442
133468
133488
133517
133542
133557
133577
133599
133617
133635
133657
133682
133688
133706
133730
133748
133768
133783
133804
133825
133845
133869
133886
133906
133926
133947
133966
133988
134013
134031
134054
134076
134105
134125
134148
134169
134194
134215
134235
134255
134276
134293
134314
134336
134364
134387
134411
134432
134460
134483
134506
134529
134551
134574
134596
134616
134634
134655
134677
134702
134726
134750
134771
134795
134817
134836
134861
134880
134901
134929
134951
134972
134996
135021
135045
135070
135093
135116
135140
135163
135191
135215
135235
135261
135279
135300
135318
135340
135367
135390
135407
135436
135464
135486
135507
135530
135552
135575
135599
135618
135637
135659
135685
135709
135731
135756
135780
135798
135818
135844
135869
135890
135914
135933
135951
135973
135989
136014
136038
136059
136079
136102
136126
136152
136169
136186
136203
136223
136248
136271
136299
136317
136342
136357
136384
136408
136435
136448
136466
136495
136512
136528
136554
136576
136595
136614
136629
136653
136673
136697
136722
136740
136765
136786
136804
136828
136849
136857
136876
136896
136920
136941
136963
136982
137003
137022
137045
137064
137091
137113
137142
137163
137182
137205
137228
137252
137271
137293
137314
137332
137351
137368
137395
137422
137449
137476
137496
137518
137539
137558
137581
137598
137615
137632
137646
137664
137671
137684
137702
137719
137738
137746
137756
137774
137790
137808
137828
137842
137859
137873
137886
137906
137926
137946
137965
137985
138003
138023
138040
138061
138075
138095
138109
138130
138148
138167
138186
138206
138227
138237
138250
138261
138282
138297
138317
138338
138351
138364
138380
138397
138406
138428
138446
138455
138468
138479
138496
138512
138531
138547
138557
138576
138586
138601
138620
138637
138647
138663
138681
138697
138711
138726
138744
138762
138777
138800
138817
138833
138850
138867
138891
138908
138926
138946
138965
138986
139005
139026
139042
139061
139078
139097
139115
139133
139148
139168
139187
139204
139222
139235
139253
139267
139282
139300
139320
139337
139354
139365
139383
139401
139418
139428
139455
139473
139489
139506
139523
139540
139556
139571
139586
139602
139618
139636
139658
139677
139695
139717
139737
139757
139777
139799
139820
139842
139863
139883
139903
139923
139942
139960
139981
140001
140022
140044
140063
140083
140101
140120
140140
140158
140177
140195
140214
140232
140249
140268
140285
140303
140321
140342
140360
140381
140401
140421
140440
140460
140482
140502
140521
140538
140557
140579
140600
140627
140648
140669
140691
140711
140729
140748
140769
140788
140807
140828
140848
140871
140891
140912
140930
140950
140970
140992
141012
141031
141052
141071
141092
141112
141133
141153
141171
141191
141211
141231
141259
141278
141298
141318
141338
141357
141377
141398
141417
141438
141458
141478
141497
141516
141526
141548
141565
141581
141603
141622
141643
141662
141684
141704
141725
141746
141766
141786
141809
141831
141854
141875
141894
141917
141933
141950
141970
141991
142009
142026
142039
142053
142067
142084
142100
142114
142127
142143
142158
142171
142183
142194
142210
142227
142238
142249
142264
142270
142285
142300
142312
142321
142338
142347
142357
142365
142379
142397
142414
142432
142435
142452
142469
142482
142498
142513
142529
142543
142557
142574
142581
142597
142613
142622
142636
142649
142659
142668
142674
142689
142702
142713
142726
142742
142751
142766
142782
142798
142809
142825
142841
142859
142875
142893
142907
142920
142932
142945
142960
142975
142986
142998
143009
143024
143030
143044
143059
143077
143090
143097
143110
143126
143136
143153
143169
143183
143198
143219
143236
143253
143269
143282
143294
143310
143327
143334
143352
143362
143372
143389
143404
143421
143428
143432
143448
143466
143472
143487
143502
143521
143535
143544
143553
143565
143580
143593
143608
143629
143648
143654
143654
143674
143686
143696
143712
143727
143736
143742
143742
143752
143769
143786
143807
143827
143833
143840
143854
143868
143878
143881
143890
143896
143902
143921
143933
143939
143939
143939
143952
143968
143985
143985
143999
144009
144009
144015
144021
144024
144028
144043
144056
144067
144080
144089
144106
144112
144115
144130
144151
144160
144179
144182
144194
144201
144214
144229
144245
144256
144262
144280
144284
144299
144319
144328
144342
144345
144353
144369
144385
144405
144421
144436
144455
144462
144483
144494
144514
144523
144535
144551
144564
144586
144589
144608
144616
144628
144646
144664
144679
144694
144713
144733
144750
144772
144792
144804
144804
144815
144837
144855
144865
144886
144901
144911
144921
144940
144958
144977
144994
145016
145039
145064
145084
145105
145126
145147
145169
145192
145211
145230
145252
145273
145291
145311
145332
145354
145375
145397
145417
145436
145458
145478
145501
145523
145544
145559
145584
145604
145623
145631
145654
145674
145695
145713
145733
145756
145776
145799
145818
145840
145861
145881
145899
145917
145940
145961
145980
146003
146026
146045
146063
146085
146100
146120
146139
146159
146180
146200
146221
146239
146260
146278
146300
146320
146341
146361
146378
146395
146415
146434
146456
146478
146497
146519
146538
146561
146582
146601
146617
146636
146654
146674
146695
146718
146740
146759
146787
146808
146836
146858
146858
146877
146895
146915
146935
146957
146977
146998
147017
147041
147065
147089
147113
147141
147161
147181
147205
147226
147247
147266
147288
147309
147321
147343
147366
147389
147410
147432
147452
147473
147496
147518
147540
147563
147585
147607
147629
147649
147669
147692
147720
147742
147763
147782
147799
147828
147847
147868
147886
147905
147924
147942
147962
147983
148001
148021
148039
148061
148082
148101
148119
148139
148149
148167
148188
148205
148226
148246
148264
148281
148304
148325
148346
148365
148387
148411
148439
148460
148479
148500
148521
148539
148559
148581
148581
148596
148609
148616
148623
148637
148651
148669
148683
148697
148711
148726
148745
148754
148765
148780
148793
148807
148819
148836
148852
148865
148878
148894
148911
148929
148943
148943
148961
148970
148987
149003
149014
149025
149037
149043
149056
149072
149086
149102
149121
149134
149154
149163
149178
149192
149209
149219
149236
149253
149267
149284
149299
149319
149325
149335
149338
149350
149366
149372
149386
149403
149413
149427
149437
149452
149468
149468
149471
149474
149488
149500
149516
149526
149546
149562
149575
149587
149603
149623
149639
149652
149670
149686
149702
149722
149739
149760
149779
149798
149821
149842
149863
149876
149894
149912
149929
149946
149967
149982
149999
150020
150040
150052
150069
150092
150115
150135
150156
150178
150198
150212
150218
150236
150247
150265
150285
150305
150325
150333
150339
150355
150377
150394
150415
150434
150458
150477
150495
150517
150537
150547
150563
150581
150581
150588
150605
150624
150644
150661
150680
150680
150702
150717
150734
150752
150770
150793
150813
150826
150845
150859
150873
150892
150906
150926
150945
150968
150984
151005
151020
151040
151060
151079
151099
151124
151144
151167
151186
151203
151228
151250
151274
151299
151322
151347
151372
151396
151419
151443
151468
151495
151523
151547
151568
151588
151612
151633
151653
151672
151698
151722
151738
151760
151782
151806
151825
151846
151869
151890
151914
151937
151959
151985
152009
152033
152057
152080
152105
152129
152152
152175
152197
152221
152246
152269
152292
152314
152336
152357
152380
152409
152427
152452
152473
152495
152521
152547
152573
152593
152615
152636
152657
152677
152699
152720
152743
152765
152789
152811
152834
152856
152879
152902
152925
152949
152973
152997
153022
153046
153070
153095
153120
153145
153169
153193
153216
153242
153268
153295
153319
153340
153364
153388
153408
153434
153454
153476
153499
153518
153537
153557
153578
153600
153622
153643
153664
153685
153708
153730
153752
153773
153794
153814
153835
153856
153879
153899
153921
153939
153960
153982
154004
154025
154049
154072
154092
154116
154139
154163
154186
154213
154236
154258
154277
154300
154324
154346
154367
154390
154411
154435
154462
154486
154511
154536
154559
154583
154607
154630
154655
154678
154701
154725
154748
154770
154793
154816
154841
154863
154885
154910
154932
154950
154973
154995
155019
155043
155068
155090
155113
155135
155158
155179
155199
155222
155245
155269
155292
155317
155341
155364
155389
155412
155427
155445
155448
155454
155471
155486
155504
155521
155535
155549
155563
155580
155600
155617
155633
155650
155665
155682
155703
155706
155722
155738
155756
155777
155783
155808
155825
155844
155864
155886
155907
155920
155929
155949
155953
155969
155987
155987
156006
156017
156033
156039
156045
156058
156070
156088
156101
156118
156118
156136
156149
156164
156167
156179
156197
156213
156216
156233
156255
156273
156289
156308
156325
156338
156366
156382
156399
156420
156437
156463
156482
156493
156516
156532
156551
156557
156568
156582
156595
156616
156636
156657
156678
156695
156707
156733
156749
156772
156795
156816
156835
156859
156882
156900
156909
156928
156942
156961
156975
156988
157006
157024
157038
157056
157069
157086
157107
157125
157146
157171
157185
157200
157218
157235
157252
157265
157281
157290
157313
157334
157346
157368
157385
157391
157408
157423
157441
157455
157462
157484
157497
157520
157543
157560
157576
157601
157617
157634
157655
157669
157691
157711
157727
157750
157769
157786
157801
157820
157835
157854
157864
157879
157892
157912
157927
157940
157940
157959
157974
157974
157992
158019
158037
158049
158065
158080
158094
158114
158120
158137
158140
158156
158173
158193
158216
158237
158245
158259
158269
158290
158308
158331
158356
158372
158386
158410
158410
158432
158450
158469
158482
158502
158524
158540
158558
158575
158582
158600
158615
158628
158641
158666
158683
158695
158710
158723
158732
158751
158763
158779
158793
158803
158823
158842
158849
158868
158887
158891
158909
158929
158949
158964
158983
159002
159023
159040
159057
159075
159094
159114
159133
159144
159154
159167
159182
159196
159208
159224
159248
159266
159284
159302
159311
159328
159331
159353
159367
159389
159407
159425
159446
159457
159473
159494
159515
159538
159559
159579
159595
159598
159598
159602
159614
159626
159644
159662
159677
159688
159703
159703
159725
159739
159745
159757
159773
159790
159807
159826
159846
159852
159869
159888
159907
159910
159936
159942
159945
159967
159980
159980
159986
159992
160013
160028
160050
160061
160080
160083
160098
160111
160132
160146
160160
160178
160194
160200
160218
160238
160251
160262
160279
160289
160298
160307
160322
160337
160354
160362
160381
160387
160412
160426
160435
160450
160470
160480
160490
160490
160501
160511
160528
160538
160549
160560
160573
160599
160617
160636
160657
160678
160704
160727
160750
160773
160792
160811
160831
160855
160879
160903
160926
160948
160972
160998
161019
161040
161064
161083
161105
161129
161154
161177
161200
161221
161245
161270
161292
161315
161339
161355
161380
161401
161421
161440
161465
161485
161510
161531
161557
161567
161567
161582
161595
161610
161624
161637
161647
161667
161687
161704
161729
161738
161759
161776
161793
161793
161809
161826
161843
161862
161878
161899
161915
161931
161950
161968
161985
162001
162019
162039
162049
162069
162087
162107
162126
162138
162158
162162
162181
162197
162216
162235
162253
162274
162291
162309
162329
162348
162365
162383
162400
162419
162437
162456
162477
162495
162514
162533
162552
162572
162591
162611
162627
162646
162661
162679
162698
162716
162735
162752
162772
162791
162808
162829
162846
162865
162883
162901
162922
162938
162957
162978
162996
163014
163033
163047
163065
163084
163101
163117
163136
163154
163170
163186
163207
163223
163239
163256
163273
163289
163303
163318
163335
163355
163373
163388
163406
163424
163435
163453
163471
163490
163503
163520
163538
163556
163574
163590
163607
163622
163639
163659
163678
163689
163704
163722
163735
163752
163769
163773
163790
163810
163825
163841
163841
163859
163871
163884
163901
163921
163939
163957
163974
163993
164011
164020
164037
164057
164074
164092
164109
164129
164147
164169
164189
164204
164214
164233
164251
164269
164285
164305
164321
164335
164353
164372
164389
164405
164424
164442
164456
164473
164488
164492
164507
164524
164530
164543
164560
164566
164584
164602
164620
164635
164638
164651
164671
164683
164689
164705
164721
164737
164754
164768
164782
164800
164818
164833
164852
164860
164873
164894
164904
164920
164935
164949
164961
164967
164983
165001
165018
165032
165051
165065
165078
165088
165105
165121
165134
165147
165158
165176
165191
165209
165229
165240
165255
165271
165287
165305
165323
165338
165353
165367
165383
165398
165417
165430
165448
165461
165475
165485
165499
165511
165527
165545
165553
165571
165586
165600
165619
165635
165654
165669
165685
165705
165718
165737
165757
165771
165785
165798
165814
165841
165857
165872
165891
165912
165929
165943
165951
165964
165981
165997
166015
166023
166039
166058
166076
166080
166096
166100
166113
166128
166140
166157
166174
166188
166208
166222
166240
166258
166265
166277
166293
166312
166329
166347
166358
166379
166399
166418
166433
166453
166473
166491
166507
166525
166543
166562
166581
166602
166622
166637
166655
166674
166694
166714
166731
166751
166759
166775
166793
166812
166832
166851
166873
166893
166911
166928
166944
166964
166981
166985
167005
167027
167039
167057
167077
167096
167099
167116
167135
167153
167177
167196
167215
167225
167244
167261
167280
167298
167309
167330
167349
167365
167385
167403
167416
167434
167447
167451
167470
167470
167485
167499
167517
167536
167555
167559
167577
167598
167614
167631
167644
167664
167683
167703
167719
167734
167749
167763
167777
167794
167811
167829
167848
167864
167879
167893
167912
167929
167950
167969
167989
168010
168029
168029
168043
168057
168073
168093
168109
168128
168145
168161
168175
168198
168217
168235
168248
168267
168284
168302
168322
168339
168358
168378
168397
168409
168428
168454
168471
168491
168507
168525
168542
168559
168576
168595
168614
168634
168651
168671
168690
168707
168725
168742
168761
168781
168799
168813
168825
168839
168858
168872
168886
168906
168916
168932
168946
168956
168972
168986
169002
169021
169031
169045
169058
169066
169079
169095
169110
169123
169142
169160
169174
169193
169211
169226
169243
169262
169280
169298
169310
169324
169336
169352
169365
169382
169397
169413
169425
169444
169463
169481
169498
169517
169536
169553
169568
169586
169601
169622
169640
169643
169661
169677
169697
169713
169732
169751
169770
169791
169794
169810
169828
169845
169866
169888
169904
169917
169934
169951
169971
169991
170006
170022
170037
170059
170083
170099
170115
170132
170149
170167
170184
170205
170222
170243
170261
170284
170304
170324
170342
170364
170383
170403
170428
170450
170469
170490
170510
170530
170553
170573
170594
170612
170632
170650
170666
170685
170709
170727
170747
170767
170788
170807
170828
170844
170861
170882
170906
170929
170950
170975
170992
171012
171032
171051
171072
171092
171114
171130
171152
171172
171193
171214
171234
171254
171272
171290
171303
171325
171339
171357
171373
171388
171405
171420
171441
171455
171474
171490
171509
171522
171537
171557
171572
171590
171610
171629
171647
171667
171685
171706
171724
171744
171762
171777
171795
171799
171818
171835
171849
171862
171873
171890
171904
171907
171924
171937
171956
171974
171993
172004
172017
172032
172052
172068
172084
172103
172110
172122
172141
172158
172171
172190
172208
172225
172241
172251
172266
172272
172285
172301
172321
172334
172343
172362
172376
172393
172410
172420
172437
172455
172470
172481
172489
172504
172517
172535
172539
172555
172573
172589
172602
172614
172633
172648
172662
172675
172684
172696
172709
172724
172724
172739
172757
172768
172778
172782
172803
172816
172820
172833
172846
172856
172856
172868
172884
172900
172914
172935
172951
172962
172978
172997
173013
173023
173035
173049
173060
173077
173080
173095
173101
173116
173125
173133
173145
173158
173168
173188
173205
173221
173241
173257
173281
173301
173323
173341
173360
173381
173400
173423
173438
173459
173478
173500
173521
173540
173559
173575
173594
173611
173626
173645
173659
173677
173702
173715
173731
173745
173760
173764
173776
173786
173803
173814
173820
173838
173851
173864
173883
173899
173911
173927
173945
173968
173978
173996
174012
174021
174039
174042
174055
174074
174082
174092
174108
174108
174123
174140
174157
174176
174179
174198
174211
174228
174242
174258
174274
174293
174300
174318
174328
174340
174349
174359
174374
174382
174386
174395
174410
174416
174428
174440
174447
174451
174461
174472
174482
174491
174500
174506
174512
174518
174527
174537
174548
174568
174590
174604
174624
174641
174659
174682
174703
174724
174747
174768
174790
174809
174827
174844
174861
174878
174895
174912
174927
174944
174961
174964
174981
174998
175012
175031
175046
175063
175063
175083
175100
175117
175136
175152
175170
175186
175199
175216
175226
175242
175255
175265
175282
175299
175316
175334
175346
175357
175368
175385
175401
175410
175419
175439
175457
175473
175488
175505
175520
175546
175554
175570
175587
175603
175617
175633
175652
175661
175678
175694
175710
175730
175748
175761
175776
175787
175808
175822
175838
175857
175871
175883
175897
175915
175932
175949
175967
175985
176002
176021
176041
176041
176057
176072
176088
176103
176116
176135
176152
176167
176188
176200
176216
176228
176246
176265
176279
176294
176294
176311
176325
176343
176360
176380
176396
176417
176421
176440
176461
176464
176485
176501
176521
176521
176541
176549
176560
176579
176594
176612
176631
176634
176653
176667
176685
176703
176715
176731
176748
176769
176785
176795
176810
176828
176847
176864
176885
176903
176917
176935
176953
176968
176984
177004
177018
177043
177060
177076
177088
177109
177130
177138
177155
177175
177193
177206
177209
177228
177232
177250
177265
177284
177302
177323
177341
177357
177376
177394
177412
177423
177441
177451
177474
177493
177504
177522
177537
177554
177572
177572
177580
177599
177619
177638
177656
177677
177693
177708
177725
177742
177762
177781
177797
177817
177820
177836
177855
177864
177870
177884
177902
177920
177936
177950
177970
177990
177996
178015
178032
178042
178060
178075
178092
178112
178131
178150
178168
178185
178204
178223
178246
178263
178287
178308
178326
178344
178365
178386
178407
178434
178456
178477
178501
178521
178543
178563
178580
178602
178621
178642
178660
178677
178697
178715
178734
178755
178775
178795
178814
178834
178854
178874
178878
178898
178917
178936
178957
178975
178994
179012
179031
179051
179070
179091
179109
179131
179149
179169
179188
179207
179226
179247
179268
179287
179308
179329
179348
179367
179387
179401
179421
179448
179467
179488
179509
179531
179553
179570
179592
179611
179632
179652
179670
179685
179706
179735
179756
179773
179799
179819
179839
179858
179878
179898
179917
179938
179958
179977
180002
180022
180043
180067
180085
180102
180119
180141
180164
180182
180204
180224
180244
180263
180284
180304
180326
180346
180367
180386
180405
180426
180446
180466
180487
180507
180526
180545
180565
180588
180610
180630
180648
180666
180687
180709
180729
180752
180772
180793
180812
180833
180853
180873
180891
180908
180926
180943
180963
180985
181004
181022
181046
181065
181085
181107
181128
181146
181165
181186
181206
181226
181245
181264
181282
181300
181318
181336
181357
181374
181391
181410
181427
181447
181468
181489
181509
181529
181546
181564
181589
181608
181630
181649
181667
181686
181706
181725
181744
181763
181781
181800
181818
181835
181855
181871
181891
181910
181932
181948
181970
181988
182006
182025
182043
182060
182081
182107
182126
182144
182163
182180
182198
182215
182228
182249
182269
182288
182308
182328
182345
182363
182383
182401
182419
182439
182460
182479
182498
182509
182522
182540
182553
182567
182581
182598
182611
182622
182629
182647
182664
182679
182689
182701
182713
182730
182741
182755
182771
182781
182807
182829
182852
182879
182893
182908
182925
182935
182950
182970
182982
183002
183027
183041
183062
183077
183092
183103
183114
183133
183144
183162
183177
183200
183215
183235
183254
183273
183290
183305
183325
183339
183359
183373
183386
183402
183411
183429
183440
183455
183465
183479
183493
183507
183524
183541
183562
183581
183597
183612
183624
183639
183653
183669
183682
183696
183702
183716
183728
183742
183757
183767
183782
183793
183808
183820
183832
183847
183860
183873
183883
183897
183910
183920
183929
183939
183953
183967
183977
183991
184001
184010
184022
184033
184045
184061
184072
184083
184096
184107
184119
184130
184150
184165
184184
184202
184217
184231
184255
184277
184291
184313
184330
184347
184366
184383
184406
184422
184438
184455
184470
184483
184510
184526
184543
184566
184593
184611
184626
184642
184660
184674
184693
184719
184734
184746
184762
184780
184796
184816
184833
184848
184862
184879
184897
184911
184929
184951
184969
184987
185004
185024
185043
185070
185087
185107
185126
185153
185167
185186
185204
185229
185246
185263
185276
185289
185306
185323
185338
185356
185375
185391
185406
185426
185440
185458
185477
185501
185525
185542
185561
185572
185588
185605
185624
185643
185660
185676
185690
185714
185732
185748
185768
185786
185801
185821
185836
185853
185871
185887
185903
185920
185939
185961
185975
185995
186013
186028
186043
186061
186078
186098
186116
186136
186155
186172
186194
186213
186232
186247
186264
186283
186312
186330
186343
186358
186373
186389
186408
186429
186447
186473
186494
186511
186531
186549
186568
186584
186605
186620
186638
186659
186674
186691
186710
186727
186750
186777
186801
186816
186833
186845
186867
186883
186896
186911
186931
186952
186968
186984
186998
187014
187028
187050
187069
187085
187102
187119
187132
187150
187174
187192
187211
187229
187250
187271
187287
187300
187316
187330
187346
187370
187389
187406
187422
187439
187456
187474
187492
187512
187536
187555
187575
187590
187608
187629
187646
187667
187681
187694
187712
187731
187754
187770
187785
187799
187817
187832
187848
187872
187889
187904
187924
187945
187960
187977
187998
188020
188038
188054
188077
188090
188103
188114
188129
188132
188145
188159
188171
188177
188190
188205
188221
188230
188243
188255
188269
188280
188291
188307
188320
188332
188343
188358
188368
188380
188395
188411
188423
188439
188455
188469
188484
188496
188506
188518
188530
188543
188557
188575
188587
188596
188607
188621
188635
188645
188661
188674
188684
188699
188711
188723
188735
188735
188750
188763
188774
188784
188799
188811
188824
188836
188845
188861
188877
188892
188899
188909
188920
188931
188945
188958
188969
188976
188991
189004
189019
189035
189055
189068
189068
189080
189103
189116
189127
189146
189161
189177
189193
189220
189241
189260
189274
189292
189305
189320
189333
189347
189363
189380
189398
189419
189439
189456
189475
189493
189508
189521
189542
189560
189581
189595
189614
189624
189635
189653
189679
189694
189709
189729
189750
189770
189789
189805
189826
189842
189855
189868
189883
189895
189910
189924
189941
189957
189974
190000
190014
190025
190038
190051
190072
190085
190103
190116
190132
190152
190171
190184
190200
190215
190232
190249
190269
190288
190304
190319
190335
190353
190373
190390
190409
190423
190437
190443
190465
190486
190504
190520
190538
190552
190564
190580
190594
190610
190625
190644
190665
190688
190701
190725
190743
190759
190776
190798
190810
190833
190853
190864
190884
190912
190932
190946
190958
190971
190988
191003
191018
191034
191047
191071
191087
191105
191117
191130
191142
191156
191175
191188
191199
191218
191234
191248
191269
191280
191294
191312
191331
191345
191358
191372
191389
191404
191421
191434
191450
191462
191472
191487
191501
191517
191533
191553
191572
191593
191610
191625
191638
191654
191671
191684
191700
191714
191729
191742
191758
191775
191790
191805
191817
191832
191853
191869
191888
191906
191924
191935
191957
191970
191984
191999
192023
192038
192051
192066
192079
192091
192107
192122
192137
192147
192164
192179
192194
192208
192224
192237
192253
192268
192283
192294
192312
192327
192341
192355
192375
192395
192417
192435
192450
192464
192478
192494
192508
192520
192534
192547
192557
192567
192583
192596
192608
192630
192652
192672
192689
192702
192716
192733
192751
192763
192780
192794
192806
192824
192834
192849
192863
192879
192905
192918
192931
192947
192961
192976
192993
193009
193027
193036
193054
193067
193082
193096
193112
193131
193144
193157
193172
193181
193196
193211
193224
193235
193250
193265
193282
193298
193313
193324
193337
193358
193371
193386
193401
193417
193429
193446
193459
193470
193489
193502
193515
193532
193544
193558
193574
193587
193603
193619
193631
193642
193656
193672
193683
193695
193713
193724
193737
193751
193773
193785
193805
193820
193838
193855
193865
193874
193885
193900
193920
193935
193949
193959
193976
193995
194008
194021
194035
194050
194065
194078
194096
194110
194125
194139
194154
194169
194182
194193
194205
194215
194228
194248
194265
194282
194294
194313
194330
194342
194361
194374
194384
194403
194417
194434
194453
194471
194483
194510
194527
194545
194564
194582
194600
194610
194623
194644
194659
194676
194705
194725
194742
194767
194786
194804
194824
194845
194866
194879
194893
194914
194928
194932
194953
194971
194985
195004
195017
195034
195056
195076
195095
195109
195126
195144
195164
195177
195189
195203
195215
195230
195243
195255
195267
195282
195298
195309
195321
195337
195353
195367
195390
195406
195425
195448
195469
195482
195495
195515
195532
195544
195561
195580
195597
195615
195630
195654
195666
195676
195676
195687
195704
195707
195717
195734
195751
195761
195773
195791
195804
195820
195834
195840
195843
195850
195869
195881
195892
195906
195914
195928
195941
195952
195963
195976
195989
196002
196012
196028
196040
196065
196079
196090
196103
196115
196124
196142
196155
196172
196188
196198
196214
196226
196239
196248
196254
196269
196282
196290
196302
196323
196327
196341
196356
196366
196377
196388
196401
196414
196431
196452
196460
196469
196480
196497
196508
196517
196517
196527
196533
196541
196548
196557
196570
196574
196587
196591
196601
196613
196620
196631
196650
196660
196669
196677
196687
196691
196701
196715
196724
196727
196736
196744
196753
196762
196777
196789
196792
196802
196814
196821
196832
196835
196841
196841
196853
196861
196861
196874
196882
196896
196911
196921
196940
196954
196972
196990
197007
197026
197046
197065
197084
197104
197117
197132
197147
197161
197177
197194
197212
197228
197246
197263
197277
197294
197310
197327
197345
197360
197378
197392
197409
197420
197439
197458
197482
197498
197514
197533
197550
197567
197581
197600
197618
197635
197649
197663
197685
197701
197717
197731
197751
197767
197783
197810
197828
197842
197863
197884
197902
197909
197926
197943
197961
197974
197991
198008
198025
198041
198058
198076
198094
198112
198129
198153
198167
198183
198198
198215
198230
198251
198267
198283
198299
198315
198336
198357
198385
198406
198424
198449
198465
198480
198496
198517
198533
198553
198573
198587
198605
198621
198640
198654
198668
198684
198708
198725
198741
198767
198789
198805
198828
198849
198875
198890
198903
198922
198940
198960
198978
198993
199013
199029
199044
199059
199074
199095
199112
199131
199150
199169
199184
199202
199220
199236
199252
199279
199297
199314
199337
199355
199373
199395
199414
199432
199448
199463
199483
199498
199515
199533
199553
199574
199588
199601
199618
199639
199661
199677
199691
199708
199723
199738
199759
199776
199797
199814
199827
199845
199862
199880
199895
199918
199933
199948
199967
199986
200010
200027
200045
200065
200081
200099
200114
200134
200153
200172
200191
200209
200226
200243
200261
200275
200289
200303
200318
200335
200350
200371
200385
200403
200417
200435
200451
200464
200486
200504
200522
200542
200563
200581
200594
200612
200628
200645
200661
200678
200695
200717
200735
200756
200774
200787
200805
200824
200843
200858
200878
200897
200912
200924
200944
200961
200977
200994
201008
201023
201041
201063
201082
201097
201115
201133
201149
201165
201182
201200
201216
201230
201251
201271
201292
201311
201330
201343
201360
201383
201397
201414
201434
201447
201470
201486
201503
201517
201541
201561
201581
201598
201615
201638
201655
201671
201690
201704
201721
201737
201754
201772
201794
201814
201835
201852
201868
201884
201899
201917
201933
201954
201971
201987
202004
202025
202043
202063
202079
202097
202114
202128
202150
202166
202185
202202
202223
202242
202264
202285
202301
202321
202339
202356
202376
202393
202411
202426
202445
202462
202481
202497
202511
202533
202551
202567
202584
202603
202623
202641
202657
202674
202691
202712
202730
202745
202762
202777
202790
202812
202831
202847
202861
202875
202895
202913
202939
202954
202970
202987
202999
203016
203031
203046
203061
203076
203094
203111
203133
203149
203168
203186
203208
203223
203238
203254
203271
203286
203307
203325
203340
203354
203370
203390
203406
203420
203433
203448
203462
203478
203495
203512
203528
203538
203551
203565
203586
203607
203625
203638
203657
203675
203691
203705
203717
203732
203745
203758
203774
203783
203797
203814
203829
203845
203860
203873
203888
203902
203917
203931
203951
203969
203985
204004
204018
204029
204042
204062
204077
204091
204105
204118
204140
204153
204179
204192
204208
204221
204239
204254
204270
204283
204293
204306
204322
204336
204351
204363
204380
204397
204408
204428
204443
204462
204482
204502
204521
204538
204555
204570
204585
204604
204622
204638
204656
204672
204692
204706
204725
204740
204757
204772
204788
204807
204823
204838
204855
204872
204887
204905
204924
204938
204955
204974
204995
205012
205030
205049
205064
205081
205096
205113
205129
205144
205163
205183
205196
205213
205235
205249
205267
205288
205302
205325
205353
205370
205389
205413
205433
205454
205470
205490
205509
205535
205552
205570
205586
205605
205616
205636
205655
205669
205686
205703
205714
205731
205744
205762
205782
205803
205818
205835
205850
205869
205887
205904
205923
205936
205956
205973
205989
206010
206024
206041
206056
206071
206097
206115
206128
206145
206162
206178
206193
206215
206232
206250
206266
206283
206303
206318
206335
206350
206368
206388
206405
206428
206447
206462
206478
206492
206509
206525
206537
206551
206569
206584
206584
206601
206617
206637
206655
206675
206690
206703
206722
206745
206765
206780
206797
206814
206828
206844
206854
206867
206877
206892
206906
206919
206930
206933
206939
206950
206966
206976
206986
207004
207021
207030
207048
207064
207084
207099
207117
207132
207147
207164
207176
207195
207211
207233
207255
207274
207293
207307
207327
207343
207371
207390
207408
207425
207438
207453
207475
207492
207509
207525
207542
207562
207578
207594
207612
207627
207647
207663
207691
207710
207731
207751
207768
207788
207810
207824
207853
207868
207886
207899
207918
207936
207958
207973
207989
208006
208025
208043
208064
208084
208100
208119
208134
208152
208169
208189
208205
208224
208244
208267
208286
208307
208327
208342
208360
208381
208403
208425
208442
208461
208477
208491
208503
208517
208536
208552
208567
208583
208601
208621
208638
208651
208666
208684
208698
208719
208738
208760
208776
208795
208814
208828
208846
208863
208880
208895
208918
208936
208951
208965
208973
208986
209003
209023
209035
209053
209068
209087
209107
209129
209148
209163
209183
209199
209221
209234
209249
209268
209279
209299
209317
209342
209364
209382
209400
209416
209432
209448
209465
209481
209496
209514
209538
209552
209578
209594
209610
209623
209644
209661
209685
209701
209718
209739
209758
209775
209794
209807
209823
209837
209853
209870
209888
209909
209924
209942
209961
209973
209994
210010
210025
210038
210050
210071
210091
210109
210125
210140
210158
210176
210193
210208
210225
210243
210260
210277
210298
210315
210330
210351
210367
210387
210402
210420
210438
210456
210471
210482
210498
210515
210528
210545
210566
210589
210605
210619
210640
210655
210670
210692
210705
210721
210739
210762
210775
210788
210806
210824
210837
210853
210871
210884
210899
210921
210936
210951
210965
210982
210998
211014
211034
211050
211066
211082
211098
211119
211135
211152
211168
211183
211202
211216
211236
211248
211265
211284
211301
211326
211345
211360
211370
211389
211403
211419
211433
211450
211472
211489
211505
211516
211534
211553
211572
211593
211606
211620
211637
211654
211669
211690
211703
211721
211741
211747
211766
211782
211795
211814
211827
211843
211869
211883
211889
211907
211929
211944
211968
211991
212002
212021
212044
212057
212075
212089
212108
212124
212142
212157
212174
212189
212210
212223
212241
212261
212277
212287
212304
212318
212342
212363
212389
212402
212414
212428
212443
212463
212484
212506
212530
212555
212574
212600
212617
212638
212654
212675
212694
212715
212734
212755
212774
212794
212815
212834
212854
212881
212896
212913
212933
212955
212970
212990
213013
213033
213054
213072
213096
213115
213138
213155
213170
213194
213210
213228
213244
213268
213292
213309
213329
213350
213372
213394
213412
213429
213449
213470
213487
213515
213533
213552
213577
213598
213619
213640
213660
213675
213696
213717
213746
213766
213788
213809
213830
213849
213869
213894
213912
213933
213959
213979
214001
214022
214041
214061
214089
214108
214129
214149
214171
214191
214202
214222
214242
214263
214287
214305
214325
214346
214368
214393
214416
214433
214455
214473
214497
214519
214536
214557
214577
214595
214618
214644
214662
214687
214708
214726
214748
214767
214782
214807
214830
214848
214865
214883
214901
214919
214941
214964
214979
214997
215018
215040
215062
215084
215104
215122
215142
215162
215181
215201
215219
215240
215257
215272
215293
215313
215329
215346
215366
215386
215412
215433
215453
215471
215490
215510
215529
215551
215571
215591
215605
215625
215644
215662
215687
215707
215726
215746
215765
215785
215811
215834
215850
215868
215884
215909
215930
215952
215975
215995
216021
216045
216062
216082
216107
216126
216146
216167
216186
216207
216228
216256
216276
216297
216313
216322
216343
216364
216380
216404
216428
216446
216475
216497
216519
216541
216567
216586
216606
216631
216651
216672
216695
216709
216727
216746
216767
216783
216804
216822
216845
216866
216885
216908
216932
216953
216974
216990
217011
217033
217055
217073
217093
217115
217133
217154
217175
217196
217217
217237
217254
217276
217297
217318
217339
217362
217382
217406
217428
217449
217467
217487
217507
217527
217545
217565
217582
217603
217627
217647
217673
217692
217715
217738
217761
217783
217806
217827
217848
217871
217891
217914
217932
217952
217970
217993
218014
218033
218054
218073
218094
218113
218137
218157
218182
218200
218221
218242
218264
218284
218306
218326
218349
218370
218391
218412
218436
218455
218469
218491
218511
218538
218557
218575
218602
218622
218648
218670
218683
218699
218725
218744
218764
218787
218805
218823
218840
218860
218879
218898
218912
218938
218965
218985
219007
219028
219048
219065
219083
219104
219122
219140
219159
219171
219194
219215
219234
219256
219277
219296
219315
219334
219354
219373
219395
219420
219440
219464
219482
219501
219520
219541
219555
219570
219588
219607
219622
219646
219666
219690
219712
219733
219752
219773
219794
219814
219833
219850
219867
219885
219907
219928
219949
219970
219987
220007
220025
220046
220064
220080
220100
220117
220137
220156
220175
220198
220221
220241
220257
220275
220294
220321
220341
220356
220373
220395
220416
220437
220457
220474
220493
220512
220529
220548
220567
220593
220613
220634
220649
220668
220685
220705
220725
220749
220767
220784
220800
220816
220837
220860
220880
220898
220914
220938
220957
220979
220998
221014
221034
221055
221078
221098
221118
221137
221156
221173
221187
221207
221225
221246
221264
221282
221308
221330
221351
221376
221396
221416
221435
221455
221474
221495
221515
221537
221556
221573
221597
221621
221642
221659
221679
221706
221724
221744
221766
221787
221812
221833
221856
221879
221896
221916
221936
221954
221973
221992
222014
222031
222053
222071
222086
222108
222127
222149
222171
222194
222217
222239
222261
222282
222305
222327
222349
222372
222395
222417
222438
222461
222487
222509
222532
222554
222574
222596
222619
222640
222663
222686
222709
222729
222750
222773
222795
222818
222840
222863
222883
222907
222930
222951
222974
222998
223020
223047
223067
223088
223110
223131
223152
223175
223195
223216
223236
223258
223281
223303
223326
223346
223367
223389
223411
223434
223456
223479
223498
223520
223541
223563
223584
223603
223626
223647
223670
223692
223714
223737
223759
223781
223802
223824
223847
223870
223893
223915
223938
223960
223983
224005
224028
224048
224068
224091
224113
224137
224160
224184
224206
224227
224250
224274
224296
224325
224347
224369
224391
224415
224437
224460
224482
224506
224528
224550
224575
224599
224622
224643
224664
224687
224710
224733
224757
224780
224802
224824
224846
224869
224886
224903
224921
224934
224943
224953
224970
224984
225007
225025
225051
225064
225082
225101
225120
225136
225149
225171
225193
225214
225235
225254
225274
225298
225325
225352
225374
225395
225405
225430
225454
225462
225485
225508
225524
225546
225559
225575
225597
225621
225645
225665
225691
225713
225734
225759
225788
225810
225833
225856
225873
225900
225916
225933
225962
225986
226013
226029
226046
226065
226086
226113
226138
226158
226179
226202
226218
226242
226257
226277
226296
226314
226337
226357
226375
226400
226426
226450
226473
226496
226506
226527
226550
226579
226604
226627
226656
226676
226702
226728
226749
226771
226789
226810
226832
226858
226880
226900
226927
226946
226966
226992
227015
227038
227059
227083
227099
227128
227155
227180
227204
227226
227250
227272
227298
227323
227347
227370
227395
227421
227445
227461
227484
227504
227531
227557
227575
227596
227608
227634
227659
227676
227702
227729
227755
227783
227806
227828
227850
227879
227900
227927
227947
227975
227995
228017
228041
228061
228085
228109
228131
228153
228178
228203
228223
228244
228269
228292
228318
228343
228368
228397
228419
228440
228467
228494
228520
228544
228567
228583
228601
228619
228645
228666
228691
228715
228733
228755
228773
228796
228816
228838
228854
228878
228905
228928
228948
228969
228994
229012
229033
229058
229079
229106
229133
229162
229191
229217
229244
229253
229273
229293
229317
229345
229365
229378
229397
229418
229442
229468
229488
229508
229527
229552
229570
229587
229614
229642
229665
229689
229715
229734
229751
229774
229791
229810
229824
229852
229876
229897
229922
229950
229976
230000
230026
230051
230064
230084
230105
230131
230156
230177
230195
230213
230228
230249
230261
230278
230297
230322
230345
230366
230389
230406
230431
230448
230471
230496
230519
230539
230559
230582
230602
230623
230635
230656
230685
230709
230732
230756
230777
230804
230827
230842
230871
230889
230904
230930
230955
230976
230996
231021
231043
231069
231085
231109
231134
231158
231185
231200
231228
231249
231273
231299
231314
231324
231347
231369
231389
231415
231429
231455
231474
231499
231523
231539
231568
231592
231615
231638
231660
231687
231714
231730
231751
231770
231784
231803
231829
231845
231873
231896
231917
231937
231953
231970
231986
232005
232024
232041
232069
232092
232118
232136
232157
232182
232208
232232
232261
232282
232308
232327
232347
232372
232395
232411
232433
232452
232468
232487
232506
232533
232556
232582
232609
232637
232658
232677
232700
232725
232742
232761
232786
232809
232835
232859
232876
232895
232918
232938
232957
232985
233006
233028
233055
233077
233093
233112
233129
233153
233166
233193
233208
233230
233252
233268
233290
233314
233338
233361
233382
233407
233429
233449
233472
233496
233519
233534
233555
233574
233588
233610
233632
233660
233686
233707
233733
233747
233771
233790
233817
233831
233850
233873
233902
233922
233943
233965
233988
234005
234033
234055
234078
234099
234118
234135
234158
234182
234205
234222
234246
234263
234279
234297
234316
234342
234359
234383
234412
234433
234459
234474
234494
234510
234533
234559
234583
234607
234630
234648
234654
234678
234705
234728
234751
234770
234795
234821
234840
234863
234879
234896
234920
234945
234958
234979
234999
235025
235043
235060
235079
235099
235128
235157
235182
235211
235234
235260
235281
235300
235319
235341
235366
235386
235409
235430
235444
235463
235488
235514
235539
235558
235581
235602
235619
235640
235658
235680
235698
235712
235733
235757
235773
235788
235810
235831
235846
235870
235896
235922
235948
235973
235995
236013
236031
236052
236076
236092
236110
236134
236145
236168
236194
236209
236232
236253
236280
236305
236330
236354
236371
236392
236410
236435
236452
236473
236493
236508
236532
236555
236573
236593
236618
236638
236660
236679
236703
236720
236746
236767
236792
236818
236847
236867
236888
236911
236926
236947
236967
