  TP53  3042       AADACL2    78    0.14     39    29.82    0.0174 
  TP53  3406          ADH6    66    0.15     29    22.35    0.0473 
  TP53  1671         AGAP9    57    0.00     26    18.46    0.0241 
  TP53  2197         AJUBA    65    0.14     35    22.58    0.0009 
  TP53  3263        AKR1C4    61    0.13     31    23.17    0.0259 
  TP53  2688      ANKRD36C   338    0.14     95    76.38    0.0052 
  TP53  3682           APC   829    0.15    316   226.02    0.0000 
  TP53  3700       ARHGAP5   370    0.15    117   103.17    0.0448 
  TP53  2480          BEX1    28    0.07     17    12.31    0.0492 
  TP53  1785       C3orf35    25    0.14     14     9.51    0.0489 
  TP53  2016      C16orf92    21    0.05     13     8.53    0.0399 
  TP53  2447     C20orf197    21    0.10     15     9.60    0.0131 
  TP53  3087         CCDC7    70    0.12     36    25.07    0.0031 
  TP53  2568       CCDC28B    66    0.11     35    22.98    0.0016 
  TP53  3145        CDKN2A   368    0.06    262   130.26    0.0000 
  TP53  3229          COQ9    77    0.15     42    30.59    0.0053 
  TP53   811        CREBL2     8    0.12      6     2.48    0.0133 
  TP53  1072       CXorf30    58    0.15     25    16.03    0.0062 
  TP53  2966         DCP1B   149    0.15     67    50.62    0.0027 
  TP53  2300       DEFB119    44    0.12     22    15.32    0.0232 
  TP53  3645       DPY19L4    96    0.14     43    34.79    0.0437 
  TP53  1960        EEF1E1    32    0.14     16    10.55    0.0312 
  TP53  3068       FAM19A2    48    0.09     32    24.05    0.0148 
  TP53  3611         FBXW7   392    0.09    173   147.63    0.0030 
  TP53  3006        FCGR3A    70    0.15     38    24.20    0.0004 
  TP53  3179          FRG1   384    0.09    155   120.24    0.0000 
  TP53   689       GAGE12J     7    0.00      5     1.92    0.0193 
  TP53  2296         GBGT1    38    0.05     19    12.47    0.0180 
  TP53   501       GLYATL3    23    0.09     10     4.72    0.0082 
  TP53  2072        HIGD1A    19    0.00     13     7.51    0.0101 
  TP53  3146         HRCT1   139    0.01     67    44.90    0.0000 
  TP53  3573          IDH1   518    0.02    277   214.17    0.0000 
  TP53  2986      KIAA1715    71    0.15     39    27.64    0.0031 
  TP53  3603          KRAS   668    0.03    303   263.88    0.0007 
  TP53  2868      KRTAP1-5   123    0.11     57    43.33    0.0063 
  TP53   872        LRRC70    25    0.09     11     6.47    0.0330 
  TP53  2610         LSM11    37    0.14     20    14.36    0.0423 
  TP53  2715        LUC7L3    61    0.14     30    21.78    0.0190 
  TP53  1620        LYSMD2    16    0.14     11     7.18    0.0472 
  TP53  2643        LZTFL1    32    0.14     21    13.98    0.0100 
  TP53  3622          MUC7   228    0.12    103    78.02    0.0002 
  TP53  3074          NAT8    58    0.14     32    24.57    0.0276 
  TP53  2876        NFE2L2   203    0.08     92    73.58    0.0037 
  TP53  1609        NHLRC4    14    0.00     11     6.42    0.0099 
  TP53     5        NPIPA2     7    0.00      2     0.24    0.0187 
  TP53  1555           NPW    17    0.06     12     7.95    0.0411 
  TP53  1983          OAZ1    20    0.11     13     8.05    0.0197 
  TP53   923         OR8U8    53    0.13     35    16.47    0.0000 
  TP53  1502         PAGE4    16    0.12     10     6.12    0.0387 
  TP53  3487          PARG   133    0.07     63    51.29    0.0223 
  TP53  3450       PPP2R3C    55    0.11     30    23.05    0.0345 
  TP53  3665           RB1   397    0.13    214   144.87    0.0000 
  TP53  2958         RBM43    67    0.12     37    26.91    0.0073 
  TP53  3020         RCOR3    80    0.13     39    30.68    0.0331 
  TP53  2801         REG1B    78    0.14     41    30.14    0.0067 
  TP53  3575         SCRN3    72    0.15     39    30.84    0.0323 
  TP53   542       SLC15A5    25    0.12     13     6.17    0.0021 
  TP53  3213         SMAD4   241    0.08    122    97.68    0.0006 
  TP53  1708       SPATA12    23    0.09     13     8.35    0.0378 
  TP53  1671         STMN1    21    0.11     13     8.25    0.0299 
  TP53  3126        TAS2R9    46    0.14     24    17.76    0.0383 
  TP53  2906         TMCO2    69    0.10     38    26.87    0.0042 
  TP53  2577     TMPRSS11E    87    0.14     44    29.20    0.0005 
  TP53  2956         TRAT1    64    0.10     37    25.39    0.0021 
  TP53  1919       TRMT10C    34    0.13     21    14.81    0.0228 
  TP53  3560        TSGA10   116    0.12     55    44.47    0.0240 
  TP53  3105        UBE2D3    37    0.12     22    16.49    0.0485 
  TP53  3588         WDR17   278    0.15    130    93.63    0.0000 
  TP53  3079        ZNF215    85    0.12     42    31.73    0.0124 
  TP53  2732        ZNF284    58    0.15     35    24.11    0.0027 
  TP53  3536        ZNF492   153    0.13     62    51.35    0.0357 
  TP53  2915        ZNF844   189    0.12     72    54.87    0.0028 
  TP53  3061        ZNF878   172    0.15     70    56.92    0.0172 
